title:BRAVE Arsenal Wishlist
description:Selection of perks and such for BRAVE weapons

// Forbearance - This is gonna hurt (pve)
//notes: tags:pve
dimwishlist:item=568611921&perks=981914802,2822142346,2010801679,2109543898,2489430594
dimwishlist:item=568611921&perks=981914802,2822142346,2010801679,4049631843,2489430594
dimwishlist:item=568611921&perks=981914802,2822142346,2010801679,3592538738,2489430594
dimwishlist:item=568611921&perks=981914802,2822142346,2010801679,2610012052,2489430594
dimwishlist:item=568611921&perks=981914802,2822142346,2010801679,2396489472,2489430594
dimwishlist:item=568611921&perks=981914802,2822142346,3523296417,2109543898,2489430594
dimwishlist:item=568611921&perks=981914802,2822142346,3523296417,4049631843,2489430594
dimwishlist:item=568611921&perks=981914802,2822142346,3523296417,3592538738,2489430594
dimwishlist:item=568611921&perks=981914802,2822142346,3523296417,2610012052,2489430594
dimwishlist:item=568611921&perks=981914802,2822142346,3523296417,2396489472,2489430594
dimwishlist:item=568611921&perks=981914802,2822142346,3436462433,2109543898,2489430594
dimwishlist:item=568611921&perks=981914802,2822142346,3436462433,4049631843,2489430594
dimwishlist:item=568611921&perks=981914802,2822142346,3436462433,3592538738,2489430594
dimwishlist:item=568611921&perks=981914802,2822142346,3436462433,2610012052,2489430594
dimwishlist:item=568611921&perks=981914802,2822142346,3436462433,2396489472,2489430594
dimwishlist:item=568611921&perks=3525010810,2822142346,2010801679,2109543898,2489430594
dimwishlist:item=568611921&perks=3525010810,2822142346,2010801679,4049631843,2489430594
dimwishlist:item=568611921&perks=3525010810,2822142346,2010801679,3592538738,2489430594
dimwishlist:item=568611921&perks=3525010810,2822142346,2010801679,2610012052,2489430594
dimwishlist:item=568611921&perks=3525010810,2822142346,2010801679,2396489472,2489430594
dimwishlist:item=568611921&perks=3525010810,2822142346,3523296417,2109543898,2489430594
dimwishlist:item=568611921&perks=3525010810,2822142346,3523296417,4049631843,2489430594
dimwishlist:item=568611921&perks=3525010810,2822142346,3523296417,3592538738,2489430594
dimwishlist:item=568611921&perks=3525010810,2822142346,3523296417,2610012052,2489430594
dimwishlist:item=568611921&perks=3525010810,2822142346,3523296417,2396489472,2489430594
dimwishlist:item=568611921&perks=3525010810,2822142346,3436462433,2109543898,2489430594
dimwishlist:item=568611921&perks=3525010810,2822142346,3436462433,4049631843,2489430594
dimwishlist:item=568611921&perks=3525010810,2822142346,3436462433,3592538738,2489430594
dimwishlist:item=568611921&perks=3525010810,2822142346,3436462433,2610012052,2489430594
dimwishlist:item=568611921&perks=3525010810,2822142346,3436462433,2396489472,2489430594


// The Mountaintop - Like they did in Torobatl (pve)
//notes: tags:pve
dimwishlist:item=568611922&perks=981914802,3301904089,1556840489,4104185692,2489430594
dimwishlist:item=568611922&perks=981914802,3301904089,1556840489,11612903,2489430594
dimwishlist:item=568611922&perks=981914802,3301904089,1556840489,1546637391,2489430594
dimwishlist:item=568611922&perks=981914802,3301904089,2010801679,4104185692,2489430594
dimwishlist:item=568611922&perks=981914802,3301904089,2010801679,11612903,2489430594
dimwishlist:item=568611922&perks=981914802,3301904089,2010801679,1546637391,2489430594
dimwishlist:item=568611922&perks=981914802,3301904089,3300816228,4104185692,2489430594
dimwishlist:item=568611922&perks=981914802,3301904089,3300816228,11612903,2489430594
dimwishlist:item=568611922&perks=981914802,3301904089,3300816228,1546637391,2489430594
dimwishlist:item=568611922&perks=981914802,3301904089,3643424744,4104185692,2489430594
dimwishlist:item=568611922&perks=981914802,3301904089,3643424744,11612903,2489430594
dimwishlist:item=568611922&perks=981914802,3301904089,3643424744,1546637391,2489430594
dimwishlist:item=568611922&perks=981914802,3301904089,3523296417,4104185692,2489430594
dimwishlist:item=568611922&perks=981914802,3301904089,3523296417,11612903,2489430594
dimwishlist:item=568611922&perks=981914802,3301904089,3523296417,1546637391,2489430594
dimwishlist:item=568611922&perks=981914802,3301904089,951095735,4104185692,2489430594
dimwishlist:item=568611922&perks=981914802,3301904089,951095735,11612903,2489430594
dimwishlist:item=568611922&perks=981914802,3301904089,951095735,1546637391,2489430594
dimwishlist:item=568611922&perks=981914802,3373736292,1556840489,4104185692,2489430594
dimwishlist:item=568611922&perks=981914802,3373736292,1556840489,11612903,2489430594
dimwishlist:item=568611922&perks=981914802,3373736292,1556840489,1546637391,2489430594
dimwishlist:item=568611922&perks=981914802,3373736292,2010801679,4104185692,2489430594
dimwishlist:item=568611922&perks=981914802,3373736292,2010801679,11612903,2489430594
dimwishlist:item=568611922&perks=981914802,3373736292,2010801679,1546637391,2489430594
dimwishlist:item=568611922&perks=981914802,3373736292,3300816228,4104185692,2489430594
dimwishlist:item=568611922&perks=981914802,3373736292,3300816228,11612903,2489430594
dimwishlist:item=568611922&perks=981914802,3373736292,3300816228,1546637391,2489430594
dimwishlist:item=568611922&perks=981914802,3373736292,3643424744,4104185692,2489430594
dimwishlist:item=568611922&perks=981914802,3373736292,3643424744,11612903,2489430594
dimwishlist:item=568611922&perks=981914802,3373736292,3643424744,1546637391,2489430594
dimwishlist:item=568611922&perks=981914802,3373736292,3523296417,4104185692,2489430594
dimwishlist:item=568611922&perks=981914802,3373736292,3523296417,11612903,2489430594
dimwishlist:item=568611922&perks=981914802,3373736292,3523296417,1546637391,2489430594
dimwishlist:item=568611922&perks=981914802,3373736292,951095735,4104185692,2489430594
dimwishlist:item=568611922&perks=981914802,3373736292,951095735,11612903,2489430594
dimwishlist:item=568611922&perks=981914802,3373736292,951095735,1546637391,2489430594
dimwishlist:item=568611922&perks=981914802,2822142346,1556840489,4104185692,2489430594
dimwishlist:item=568611922&perks=981914802,2822142346,1556840489,11612903,2489430594
dimwishlist:item=568611922&perks=981914802,2822142346,1556840489,1546637391,2489430594
dimwishlist:item=568611922&perks=981914802,2822142346,2010801679,4104185692,2489430594
dimwishlist:item=568611922&perks=981914802,2822142346,2010801679,11612903,2489430594
dimwishlist:item=568611922&perks=981914802,2822142346,2010801679,1546637391,2489430594
dimwishlist:item=568611922&perks=981914802,2822142346,3300816228,4104185692,2489430594
dimwishlist:item=568611922&perks=981914802,2822142346,3300816228,11612903,2489430594
dimwishlist:item=568611922&perks=981914802,2822142346,3300816228,1546637391,2489430594
dimwishlist:item=568611922&perks=981914802,2822142346,3643424744,4104185692,2489430594
dimwishlist:item=568611922&perks=981914802,2822142346,3643424744,11612903,2489430594
dimwishlist:item=568611922&perks=981914802,2822142346,3643424744,1546637391,2489430594
dimwishlist:item=568611922&perks=981914802,2822142346,3523296417,4104185692,2489430594
dimwishlist:item=568611922&perks=981914802,2822142346,3523296417,11612903,2489430594
dimwishlist:item=568611922&perks=981914802,2822142346,3523296417,1546637391,2489430594
dimwishlist:item=568611922&perks=981914802,2822142346,951095735,4104185692,2489430594
dimwishlist:item=568611922&perks=981914802,2822142346,951095735,11612903,2489430594
dimwishlist:item=568611922&perks=981914802,2822142346,951095735,1546637391,2489430594
dimwishlist:item=568611922&perks=3525010810,3301904089,1556840489,4104185692,2489430594
dimwishlist:item=568611922&perks=3525010810,3301904089,1556840489,11612903,2489430594
dimwishlist:item=568611922&perks=3525010810,3301904089,1556840489,1546637391,2489430594
dimwishlist:item=568611922&perks=3525010810,3301904089,2010801679,4104185692,2489430594
dimwishlist:item=568611922&perks=3525010810,3301904089,2010801679,11612903,2489430594
dimwishlist:item=568611922&perks=3525010810,3301904089,2010801679,1546637391,2489430594
dimwishlist:item=568611922&perks=3525010810,3301904089,3300816228,4104185692,2489430594
dimwishlist:item=568611922&perks=3525010810,3301904089,3300816228,11612903,2489430594
dimwishlist:item=568611922&perks=3525010810,3301904089,3300816228,1546637391,2489430594
dimwishlist:item=568611922&perks=3525010810,3301904089,3643424744,4104185692,2489430594
dimwishlist:item=568611922&perks=3525010810,3301904089,3643424744,11612903,2489430594
dimwishlist:item=568611922&perks=3525010810,3301904089,3643424744,1546637391,2489430594
dimwishlist:item=568611922&perks=3525010810,3301904089,3523296417,4104185692,2489430594
dimwishlist:item=568611922&perks=3525010810,3301904089,3523296417,11612903,2489430594
dimwishlist:item=568611922&perks=3525010810,3301904089,3523296417,1546637391,2489430594
dimwishlist:item=568611922&perks=3525010810,3301904089,951095735,4104185692,2489430594
dimwishlist:item=568611922&perks=3525010810,3301904089,951095735,11612903,2489430594
dimwishlist:item=568611922&perks=3525010810,3301904089,951095735,1546637391,2489430594
dimwishlist:item=568611922&perks=3525010810,3373736292,1556840489,4104185692,2489430594
dimwishlist:item=568611922&perks=3525010810,3373736292,1556840489,11612903,2489430594
dimwishlist:item=568611922&perks=3525010810,3373736292,1556840489,1546637391,2489430594
dimwishlist:item=568611922&perks=3525010810,3373736292,2010801679,4104185692,2489430594
dimwishlist:item=568611922&perks=3525010810,3373736292,2010801679,11612903,2489430594
dimwishlist:item=568611922&perks=3525010810,3373736292,2010801679,1546637391,2489430594
dimwishlist:item=568611922&perks=3525010810,3373736292,3300816228,4104185692,2489430594
dimwishlist:item=568611922&perks=3525010810,3373736292,3300816228,11612903,2489430594
dimwishlist:item=568611922&perks=3525010810,3373736292,3300816228,1546637391,2489430594
dimwishlist:item=568611922&perks=3525010810,3373736292,3643424744,4104185692,2489430594
dimwishlist:item=568611922&perks=3525010810,3373736292,3643424744,11612903,2489430594
dimwishlist:item=568611922&perks=3525010810,3373736292,3643424744,1546637391,2489430594
dimwishlist:item=568611922&perks=3525010810,3373736292,3523296417,4104185692,2489430594
dimwishlist:item=568611922&perks=3525010810,3373736292,3523296417,11612903,2489430594
dimwishlist:item=568611922&perks=3525010810,3373736292,3523296417,1546637391,2489430594
dimwishlist:item=568611922&perks=3525010810,3373736292,951095735,4104185692,2489430594
dimwishlist:item=568611922&perks=3525010810,3373736292,951095735,11612903,2489430594
dimwishlist:item=568611922&perks=3525010810,3373736292,951095735,1546637391,2489430594
dimwishlist:item=568611922&perks=3525010810,2822142346,1556840489,4104185692,2489430594
dimwishlist:item=568611922&perks=3525010810,2822142346,1556840489,11612903,2489430594
dimwishlist:item=568611922&perks=3525010810,2822142346,1556840489,1546637391,2489430594
dimwishlist:item=568611922&perks=3525010810,2822142346,2010801679,4104185692,2489430594
dimwishlist:item=568611922&perks=3525010810,2822142346,2010801679,11612903,2489430594
dimwishlist:item=568611922&perks=3525010810,2822142346,2010801679,1546637391,2489430594
dimwishlist:item=568611922&perks=3525010810,2822142346,3300816228,4104185692,2489430594
dimwishlist:item=568611922&perks=3525010810,2822142346,3300816228,11612903,2489430594
dimwishlist:item=568611922&perks=3525010810,2822142346,3300816228,1546637391,2489430594
dimwishlist:item=568611922&perks=3525010810,2822142346,3643424744,4104185692,2489430594
dimwishlist:item=568611922&perks=3525010810,2822142346,3643424744,11612903,2489430594
dimwishlist:item=568611922&perks=3525010810,2822142346,3643424744,1546637391,2489430594
dimwishlist:item=568611922&perks=3525010810,2822142346,3523296417,4104185692,2489430594
dimwishlist:item=568611922&perks=3525010810,2822142346,3523296417,11612903,2489430594
dimwishlist:item=568611922&perks=3525010810,2822142346,3523296417,1546637391,2489430594
dimwishlist:item=568611922&perks=3525010810,2822142346,951095735,4104185692,2489430594
dimwishlist:item=568611922&perks=3525010810,2822142346,951095735,11612903,2489430594
dimwishlist:item=568611922&perks=3525010810,2822142346,951095735,1546637391,2489430594


// Edge Transit - Void Debuff (pve)
//notes: tags:pve
dimwishlist:item=568611923&perks=981914802,2985827016,776531651,2048641572,2489430594
dimwishlist:item=568611923&perks=981914802,2985827016,968510818,2048641572,2489430594
dimwishlist:item=568611923&perks=981914802,2985827016,951095735,2048641572,2489430594
dimwishlist:item=568611923&perks=981914802,2985827016,3300816228,2048641572,2489430594
dimwishlist:item=568611923&perks=981914802,3301904089,776531651,2048641572,2489430594
dimwishlist:item=568611923&perks=981914802,3301904089,968510818,2048641572,2489430594
dimwishlist:item=568611923&perks=981914802,3301904089,951095735,2048641572,2489430594
dimwishlist:item=568611923&perks=981914802,3301904089,3300816228,2048641572,2489430594
dimwishlist:item=568611923&perks=3525010810,2985827016,776531651,2048641572,2489430594
dimwishlist:item=568611923&perks=3525010810,2985827016,968510818,2048641572,2489430594
dimwishlist:item=568611923&perks=3525010810,2985827016,951095735,2048641572,2489430594
dimwishlist:item=568611923&perks=3525010810,2985827016,3300816228,2048641572,2489430594
dimwishlist:item=568611923&perks=3525010810,3301904089,776531651,2048641572,2489430594
dimwishlist:item=568611923&perks=3525010810,3301904089,968510818,2048641572,2489430594
dimwishlist:item=568611923&perks=3525010810,3301904089,951095735,2048641572,2489430594
dimwishlist:item=568611923&perks=3525010810,3301904089,3300816228,2048641572,2489430594


// Edge Transit - Damages (pve)
//notes: tags:pve
dimwishlist:item=568611923&perks=981914802,2985827016,951095735,4104185692,2489430594
dimwishlist:item=568611923&perks=981914802,2985827016,951095735,3194351027,2489430594
dimwishlist:item=568611923&perks=981914802,2985827016,951095735,3078487919,2489430594
dimwishlist:item=568611923&perks=981914802,2985827016,3300816228,4104185692,2489430594
dimwishlist:item=568611923&perks=981914802,2985827016,3300816228,3194351027,2489430594
dimwishlist:item=568611923&perks=981914802,2985827016,3300816228,3078487919,2489430594
dimwishlist:item=568611923&perks=981914802,2985827016,968510818,4104185692,2489430594
dimwishlist:item=568611923&perks=981914802,2985827016,968510818,3194351027,2489430594
dimwishlist:item=568611923&perks=981914802,2985827016,968510818,3078487919,2489430594
dimwishlist:item=568611923&perks=981914802,3301904089,951095735,4104185692,2489430594
dimwishlist:item=568611923&perks=981914802,3301904089,951095735,3194351027,2489430594
dimwishlist:item=568611923&perks=981914802,3301904089,951095735,3078487919,2489430594
dimwishlist:item=568611923&perks=981914802,3301904089,3300816228,4104185692,2489430594
dimwishlist:item=568611923&perks=981914802,3301904089,3300816228,3194351027,2489430594
dimwishlist:item=568611923&perks=981914802,3301904089,3300816228,3078487919,2489430594
dimwishlist:item=568611923&perks=981914802,3301904089,968510818,4104185692,2489430594
dimwishlist:item=568611923&perks=981914802,3301904089,968510818,3194351027,2489430594
dimwishlist:item=568611923&perks=981914802,3301904089,968510818,3078487919,2489430594
dimwishlist:item=568611923&perks=3525010810,2985827016,951095735,4104185692,2489430594
dimwishlist:item=568611923&perks=3525010810,2985827016,951095735,3194351027,2489430594
dimwishlist:item=568611923&perks=3525010810,2985827016,951095735,3078487919,2489430594
dimwishlist:item=568611923&perks=3525010810,2985827016,3300816228,4104185692,2489430594
dimwishlist:item=568611923&perks=3525010810,2985827016,3300816228,3194351027,2489430594
dimwishlist:item=568611923&perks=3525010810,2985827016,3300816228,3078487919,2489430594
dimwishlist:item=568611923&perks=3525010810,2985827016,968510818,4104185692,2489430594
dimwishlist:item=568611923&perks=3525010810,2985827016,968510818,3194351027,2489430594
dimwishlist:item=568611923&perks=3525010810,2985827016,968510818,3078487919,2489430594
dimwishlist:item=568611923&perks=3525010810,3301904089,951095735,4104185692,2489430594
dimwishlist:item=568611923&perks=3525010810,3301904089,951095735,3194351027,2489430594
dimwishlist:item=568611923&perks=3525010810,3301904089,951095735,3078487919,2489430594
dimwishlist:item=568611923&perks=3525010810,3301904089,3300816228,4104185692,2489430594
dimwishlist:item=568611923&perks=3525010810,3301904089,3300816228,3194351027,2489430594
dimwishlist:item=568611923&perks=3525010810,3301904089,3300816228,3078487919,2489430594
dimwishlist:item=568611923&perks=3525010810,3301904089,968510818,4104185692,2489430594
dimwishlist:item=568611923&perks=3525010810,3301904089,968510818,3194351027,2489430594
dimwishlist:item=568611923&perks=3525010810,3301904089,968510818,3078487919,2489430594


// The Recluse - Void Boom (pve)
//notes: Built around Destabilizing Rounds tags:pve
dimwishlist:item=1050806815&perks=839105230,1885400500,776531651,2048641572,2489430594
dimwishlist:item=1050806815&perks=839105230,1885400500,1820235745,2048641572,2489430594
dimwishlist:item=1050806815&perks=839105230,1885400500,4071163871,2048641572,2489430594
dimwishlist:item=1050806815&perks=839105230,1885400500,3828510309,2048641572,2489430594
dimwishlist:item=1050806815&perks=839105230,1087426260,776531651,2048641572,2489430594
dimwishlist:item=1050806815&perks=839105230,1087426260,1820235745,2048641572,2489430594
dimwishlist:item=1050806815&perks=839105230,1087426260,4071163871,2048641572,2489430594
dimwishlist:item=1050806815&perks=839105230,1087426260,3828510309,2048641572,2489430594
dimwishlist:item=1050806815&perks=839105230,3230963543,776531651,2048641572,2489430594
dimwishlist:item=1050806815&perks=839105230,3230963543,1820235745,2048641572,2489430594
dimwishlist:item=1050806815&perks=839105230,3230963543,4071163871,2048641572,2489430594
dimwishlist:item=1050806815&perks=839105230,3230963543,3828510309,2048641572,2489430594
dimwishlist:item=1050806815&perks=839105230,679225683,776531651,2048641572,2489430594
dimwishlist:item=1050806815&perks=839105230,679225683,1820235745,2048641572,2489430594
dimwishlist:item=1050806815&perks=839105230,679225683,4071163871,2048641572,2489430594
dimwishlist:item=1050806815&perks=839105230,679225683,3828510309,2048641572,2489430594
dimwishlist:item=1050806815&perks=4090651448,1885400500,776531651,2048641572,2489430594
dimwishlist:item=1050806815&perks=4090651448,1885400500,1820235745,2048641572,2489430594
dimwishlist:item=1050806815&perks=4090651448,1885400500,4071163871,2048641572,2489430594
dimwishlist:item=1050806815&perks=4090651448,1885400500,3828510309,2048641572,2489430594
dimwishlist:item=1050806815&perks=4090651448,1087426260,776531651,2048641572,2489430594
dimwishlist:item=1050806815&perks=4090651448,1087426260,1820235745,2048641572,2489430594
dimwishlist:item=1050806815&perks=4090651448,1087426260,4071163871,2048641572,2489430594
dimwishlist:item=1050806815&perks=4090651448,1087426260,3828510309,2048641572,2489430594
dimwishlist:item=1050806815&perks=4090651448,3230963543,776531651,2048641572,2489430594
dimwishlist:item=1050806815&perks=4090651448,3230963543,1820235745,2048641572,2489430594
dimwishlist:item=1050806815&perks=4090651448,3230963543,4071163871,2048641572,2489430594
dimwishlist:item=1050806815&perks=4090651448,3230963543,3828510309,2048641572,2489430594
dimwishlist:item=1050806815&perks=4090651448,679225683,776531651,2048641572,2489430594
dimwishlist:item=1050806815&perks=4090651448,679225683,1820235745,2048641572,2489430594
dimwishlist:item=1050806815&perks=4090651448,679225683,4071163871,2048641572,2489430594
dimwishlist:item=1050806815&perks=4090651448,679225683,3828510309,2048641572,2489430594
dimwishlist:item=1050806815&perks=1840239774,1885400500,776531651,2048641572,2489430594
dimwishlist:item=1050806815&perks=1840239774,1885400500,1820235745,2048641572,2489430594
dimwishlist:item=1050806815&perks=1840239774,1885400500,4071163871,2048641572,2489430594
dimwishlist:item=1050806815&perks=1840239774,1885400500,3828510309,2048641572,2489430594
dimwishlist:item=1050806815&perks=1840239774,1087426260,776531651,2048641572,2489430594
dimwishlist:item=1050806815&perks=1840239774,1087426260,1820235745,2048641572,2489430594
dimwishlist:item=1050806815&perks=1840239774,1087426260,4071163871,2048641572,2489430594
dimwishlist:item=1050806815&perks=1840239774,1087426260,3828510309,2048641572,2489430594
dimwishlist:item=1050806815&perks=1840239774,3230963543,776531651,2048641572,2489430594
dimwishlist:item=1050806815&perks=1840239774,3230963543,1820235745,2048641572,2489430594
dimwishlist:item=1050806815&perks=1840239774,3230963543,4071163871,2048641572,2489430594
dimwishlist:item=1050806815&perks=1840239774,3230963543,3828510309,2048641572,2489430594
dimwishlist:item=1050806815&perks=1840239774,679225683,776531651,2048641572,2489430594
dimwishlist:item=1050806815&perks=1840239774,679225683,1820235745,2048641572,2489430594
dimwishlist:item=1050806815&perks=1840239774,679225683,4071163871,2048641572,2489430594
dimwishlist:item=1050806815&perks=1840239774,679225683,3828510309,2048641572,2489430594


// The Recluse - Leroy Jenkins (pve)
//notes: More damage when surrounded by enemies tags:pve
dimwishlist:item=1050806815&perks=839105230,1885400500,4071163871,3708227201,2489430594
dimwishlist:item=1050806815&perks=839105230,1885400500,1820235745,3708227201,2489430594
dimwishlist:item=1050806815&perks=839105230,1885400500,3828510309,3708227201,2489430594
dimwishlist:item=1050806815&perks=839105230,1087426260,4071163871,3708227201,2489430594
dimwishlist:item=1050806815&perks=839105230,1087426260,1820235745,3708227201,2489430594
dimwishlist:item=1050806815&perks=839105230,1087426260,3828510309,3708227201,2489430594
dimwishlist:item=1050806815&perks=839105230,3230963543,4071163871,3708227201,2489430594
dimwishlist:item=1050806815&perks=839105230,3230963543,1820235745,3708227201,2489430594
dimwishlist:item=1050806815&perks=839105230,3230963543,3828510309,3708227201,2489430594
dimwishlist:item=1050806815&perks=839105230,679225683,4071163871,3708227201,2489430594
dimwishlist:item=1050806815&perks=839105230,679225683,1820235745,3708227201,2489430594
dimwishlist:item=1050806815&perks=839105230,679225683,3828510309,3708227201,2489430594
dimwishlist:item=1050806815&perks=4090651448,1885400500,4071163871,3708227201,2489430594
dimwishlist:item=1050806815&perks=4090651448,1885400500,1820235745,3708227201,2489430594
dimwishlist:item=1050806815&perks=4090651448,1885400500,3828510309,3708227201,2489430594
dimwishlist:item=1050806815&perks=4090651448,1087426260,4071163871,3708227201,2489430594
dimwishlist:item=1050806815&perks=4090651448,1087426260,1820235745,3708227201,2489430594
dimwishlist:item=1050806815&perks=4090651448,1087426260,3828510309,3708227201,2489430594
dimwishlist:item=1050806815&perks=4090651448,3230963543,4071163871,3708227201,2489430594
dimwishlist:item=1050806815&perks=4090651448,3230963543,1820235745,3708227201,2489430594
dimwishlist:item=1050806815&perks=4090651448,3230963543,3828510309,3708227201,2489430594
dimwishlist:item=1050806815&perks=4090651448,679225683,4071163871,3708227201,2489430594
dimwishlist:item=1050806815&perks=4090651448,679225683,1820235745,3708227201,2489430594
dimwishlist:item=1050806815&perks=4090651448,679225683,3828510309,3708227201,2489430594
dimwishlist:item=1050806815&perks=1840239774,1885400500,4071163871,3708227201,2489430594
dimwishlist:item=1050806815&perks=1840239774,1885400500,1820235745,3708227201,2489430594
dimwishlist:item=1050806815&perks=1840239774,1885400500,3828510309,3708227201,2489430594
dimwishlist:item=1050806815&perks=1840239774,1087426260,4071163871,3708227201,2489430594
dimwishlist:item=1050806815&perks=1840239774,1087426260,1820235745,3708227201,2489430594
dimwishlist:item=1050806815&perks=1840239774,1087426260,3828510309,3708227201,2489430594
dimwishlist:item=1050806815&perks=1840239774,3230963543,4071163871,3708227201,2489430594
dimwishlist:item=1050806815&perks=1840239774,3230963543,1820235745,3708227201,2489430594
dimwishlist:item=1050806815&perks=1840239774,3230963543,3828510309,3708227201,2489430594
dimwishlist:item=1050806815&perks=1840239774,679225683,4071163871,3708227201,2489430594
dimwishlist:item=1050806815&perks=1840239774,679225683,1820235745,3708227201,2489430594
dimwishlist:item=1050806815&perks=1840239774,679225683,3828510309,3708227201,2489430594


// The Recluse - Misc (pve)
//notes: More builds that makes damages go brrr tags:pve
dimwishlist:item=1050806815&perks=839105230,1885400500,1820235745,2109543898,2489430594
dimwishlist:item=1050806815&perks=839105230,1885400500,1820235745,4104185692,2489430594
dimwishlist:item=1050806815&perks=839105230,1885400500,4071163871,2109543898,2489430594
dimwishlist:item=1050806815&perks=839105230,1885400500,4071163871,4104185692,2489430594
dimwishlist:item=1050806815&perks=839105230,1885400500,3828510309,2109543898,2489430594
dimwishlist:item=1050806815&perks=839105230,1885400500,3828510309,4104185692,2489430594
dimwishlist:item=1050806815&perks=839105230,1087426260,1820235745,2109543898,2489430594
dimwishlist:item=1050806815&perks=839105230,1087426260,1820235745,4104185692,2489430594
dimwishlist:item=1050806815&perks=839105230,1087426260,4071163871,2109543898,2489430594
dimwishlist:item=1050806815&perks=839105230,1087426260,4071163871,4104185692,2489430594
dimwishlist:item=1050806815&perks=839105230,1087426260,3828510309,2109543898,2489430594
dimwishlist:item=1050806815&perks=839105230,1087426260,3828510309,4104185692,2489430594
dimwishlist:item=1050806815&perks=839105230,3230963543,1820235745,2109543898,2489430594
dimwishlist:item=1050806815&perks=839105230,3230963543,1820235745,4104185692,2489430594
dimwishlist:item=1050806815&perks=839105230,3230963543,4071163871,2109543898,2489430594
dimwishlist:item=1050806815&perks=839105230,3230963543,4071163871,4104185692,2489430594
dimwishlist:item=1050806815&perks=839105230,3230963543,3828510309,2109543898,2489430594
dimwishlist:item=1050806815&perks=839105230,3230963543,3828510309,4104185692,2489430594
dimwishlist:item=1050806815&perks=839105230,679225683,1820235745,2109543898,2489430594
dimwishlist:item=1050806815&perks=839105230,679225683,1820235745,4104185692,2489430594
dimwishlist:item=1050806815&perks=839105230,679225683,4071163871,2109543898,2489430594
dimwishlist:item=1050806815&perks=839105230,679225683,4071163871,4104185692,2489430594
dimwishlist:item=1050806815&perks=839105230,679225683,3828510309,2109543898,2489430594
dimwishlist:item=1050806815&perks=839105230,679225683,3828510309,4104185692,2489430594
dimwishlist:item=1050806815&perks=4090651448,1885400500,1820235745,2109543898,2489430594
dimwishlist:item=1050806815&perks=4090651448,1885400500,1820235745,4104185692,2489430594
dimwishlist:item=1050806815&perks=4090651448,1885400500,4071163871,2109543898,2489430594
dimwishlist:item=1050806815&perks=4090651448,1885400500,4071163871,4104185692,2489430594
dimwishlist:item=1050806815&perks=4090651448,1885400500,3828510309,2109543898,2489430594
dimwishlist:item=1050806815&perks=4090651448,1885400500,3828510309,4104185692,2489430594
dimwishlist:item=1050806815&perks=4090651448,1087426260,1820235745,2109543898,2489430594
dimwishlist:item=1050806815&perks=4090651448,1087426260,1820235745,4104185692,2489430594
dimwishlist:item=1050806815&perks=4090651448,1087426260,4071163871,2109543898,2489430594
dimwishlist:item=1050806815&perks=4090651448,1087426260,4071163871,4104185692,2489430594
dimwishlist:item=1050806815&perks=4090651448,1087426260,3828510309,2109543898,2489430594
dimwishlist:item=1050806815&perks=4090651448,1087426260,3828510309,4104185692,2489430594
dimwishlist:item=1050806815&perks=4090651448,3230963543,1820235745,2109543898,2489430594
dimwishlist:item=1050806815&perks=4090651448,3230963543,1820235745,4104185692,2489430594
dimwishlist:item=1050806815&perks=4090651448,3230963543,4071163871,2109543898,2489430594
dimwishlist:item=1050806815&perks=4090651448,3230963543,4071163871,4104185692,2489430594
dimwishlist:item=1050806815&perks=4090651448,3230963543,3828510309,2109543898,2489430594
dimwishlist:item=1050806815&perks=4090651448,3230963543,3828510309,4104185692,2489430594
dimwishlist:item=1050806815&perks=4090651448,679225683,1820235745,2109543898,2489430594
dimwishlist:item=1050806815&perks=4090651448,679225683,1820235745,4104185692,2489430594
dimwishlist:item=1050806815&perks=4090651448,679225683,4071163871,2109543898,2489430594
dimwishlist:item=1050806815&perks=4090651448,679225683,4071163871,4104185692,2489430594
dimwishlist:item=1050806815&perks=4090651448,679225683,3828510309,2109543898,2489430594
dimwishlist:item=1050806815&perks=4090651448,679225683,3828510309,4104185692,2489430594
dimwishlist:item=1050806815&perks=1840239774,1885400500,1820235745,2109543898,2489430594
dimwishlist:item=1050806815&perks=1840239774,1885400500,1820235745,4104185692,2489430594
dimwishlist:item=1050806815&perks=1840239774,1885400500,4071163871,2109543898,2489430594
dimwishlist:item=1050806815&perks=1840239774,1885400500,4071163871,4104185692,2489430594
dimwishlist:item=1050806815&perks=1840239774,1885400500,3828510309,2109543898,2489430594
dimwishlist:item=1050806815&perks=1840239774,1885400500,3828510309,4104185692,2489430594
dimwishlist:item=1050806815&perks=1840239774,1087426260,1820235745,2109543898,2489430594
dimwishlist:item=1050806815&perks=1840239774,1087426260,1820235745,4104185692,2489430594
dimwishlist:item=1050806815&perks=1840239774,1087426260,4071163871,2109543898,2489430594
dimwishlist:item=1050806815&perks=1840239774,1087426260,4071163871,4104185692,2489430594
dimwishlist:item=1050806815&perks=1840239774,1087426260,3828510309,2109543898,2489430594
dimwishlist:item=1050806815&perks=1840239774,1087426260,3828510309,4104185692,2489430594
dimwishlist:item=1050806815&perks=1840239774,3230963543,1820235745,2109543898,2489430594
dimwishlist:item=1050806815&perks=1840239774,3230963543,1820235745,4104185692,2489430594
dimwishlist:item=1050806815&perks=1840239774,3230963543,4071163871,2109543898,2489430594
dimwishlist:item=1050806815&perks=1840239774,3230963543,4071163871,4104185692,2489430594
dimwishlist:item=1050806815&perks=1840239774,3230963543,3828510309,2109543898,2489430594
dimwishlist:item=1050806815&perks=1840239774,3230963543,3828510309,4104185692,2489430594
dimwishlist:item=1050806815&perks=1840239774,679225683,1820235745,2109543898,2489430594
dimwishlist:item=1050806815&perks=1840239774,679225683,1820235745,4104185692,2489430594
dimwishlist:item=1050806815&perks=1840239774,679225683,4071163871,2109543898,2489430594
dimwishlist:item=1050806815&perks=1840239774,679225683,4071163871,4104185692,2489430594
dimwishlist:item=1050806815&perks=1840239774,679225683,3828510309,2109543898,2489430594
dimwishlist:item=1050806815&perks=1840239774,679225683,3828510309,4104185692,2489430594


// Hung Jury SR4 - No Idea what I'm picking (pve)
//notes: Selection of perks that seems nice.
No idea what this does. tags:pve
dimwishlist:item=1453235079&perks=839105230,106909392,3418782618,3824105627,2489430594
dimwishlist:item=1453235079&perks=839105230,106909392,3418782618,555281244,2489430594
dimwishlist:item=1453235079&perks=839105230,106909392,3418782618,2109543898,2489430594
dimwishlist:item=1453235079&perks=839105230,106909392,3418782618,3038247973,2489430594
dimwishlist:item=1453235079&perks=839105230,106909392,247725512,3824105627,2489430594
dimwishlist:item=1453235079&perks=839105230,106909392,247725512,555281244,2489430594
dimwishlist:item=1453235079&perks=839105230,106909392,247725512,2109543898,2489430594
dimwishlist:item=1453235079&perks=839105230,106909392,247725512,3038247973,2489430594
dimwishlist:item=1453235079&perks=839105230,106909392,3891536761,3824105627,2489430594
dimwishlist:item=1453235079&perks=839105230,106909392,3891536761,555281244,2489430594
dimwishlist:item=1453235079&perks=839105230,106909392,3891536761,2109543898,2489430594
dimwishlist:item=1453235079&perks=839105230,106909392,3891536761,3038247973,2489430594
dimwishlist:item=1453235079&perks=839105230,1087426260,3418782618,3824105627,2489430594
dimwishlist:item=1453235079&perks=839105230,1087426260,3418782618,555281244,2489430594
dimwishlist:item=1453235079&perks=839105230,1087426260,3418782618,2109543898,2489430594
dimwishlist:item=1453235079&perks=839105230,1087426260,3418782618,3038247973,2489430594
dimwishlist:item=1453235079&perks=839105230,1087426260,247725512,3824105627,2489430594
dimwishlist:item=1453235079&perks=839105230,1087426260,247725512,555281244,2489430594
dimwishlist:item=1453235079&perks=839105230,1087426260,247725512,2109543898,2489430594
dimwishlist:item=1453235079&perks=839105230,1087426260,247725512,3038247973,2489430594
dimwishlist:item=1453235079&perks=839105230,1087426260,3891536761,3824105627,2489430594
dimwishlist:item=1453235079&perks=839105230,1087426260,3891536761,555281244,2489430594
dimwishlist:item=1453235079&perks=839105230,1087426260,3891536761,2109543898,2489430594
dimwishlist:item=1453235079&perks=839105230,1087426260,3891536761,3038247973,2489430594


// Falling Guillotine - Plain Guillotine (pve)
//notes: tags:pve
dimwishlist:item=1815105249&perks=3666208348,52780822,1749209109,3913600130,2489430594
dimwishlist:item=1815105249&perks=3666208348,52780822,1749209109,3708227201,2489430594
dimwishlist:item=1815105249&perks=3666208348,52780822,1749209109,2077819806,2489430594
dimwishlist:item=1815105249&perks=3666208348,52780822,2396489472,3913600130,2489430594
dimwishlist:item=1815105249&perks=3666208348,52780822,2396489472,3708227201,2489430594
dimwishlist:item=1815105249&perks=3666208348,52780822,2396489472,2077819806,2489430594
dimwishlist:item=1815105249&perks=3666208348,52780822,1546637391,3913600130,2489430594
dimwishlist:item=1815105249&perks=3666208348,52780822,1546637391,3708227201,2489430594
dimwishlist:item=1815105249&perks=3666208348,52780822,1546637391,2077819806,2489430594
dimwishlist:item=1815105249&perks=3666208348,269888150,1749209109,3913600130,2489430594
dimwishlist:item=1815105249&perks=3666208348,269888150,1749209109,3708227201,2489430594
dimwishlist:item=1815105249&perks=3666208348,269888150,1749209109,2077819806,2489430594
dimwishlist:item=1815105249&perks=3666208348,269888150,2396489472,3913600130,2489430594
dimwishlist:item=1815105249&perks=3666208348,269888150,2396489472,3708227201,2489430594
dimwishlist:item=1815105249&perks=3666208348,269888150,2396489472,2077819806,2489430594
dimwishlist:item=1815105249&perks=3666208348,269888150,1546637391,3913600130,2489430594
dimwishlist:item=1815105249&perks=3666208348,269888150,1546637391,3708227201,2489430594
dimwishlist:item=1815105249&perks=3666208348,269888150,1546637391,2077819806,2489430594


// Falling Guillotine - Void Beheader (pve)
//notes: tags:pve
dimwishlist:item=1815105249&perks=3666208348,52780822,1749209109,2048641572,2489430594
dimwishlist:item=1815105249&perks=3666208348,52780822,2396489472,2048641572,2489430594
dimwishlist:item=1815105249&perks=3666208348,52780822,776531651,2048641572,2489430594
dimwishlist:item=1815105249&perks=3666208348,269888150,1749209109,2048641572,2489430594
dimwishlist:item=1815105249&perks=3666208348,269888150,2396489472,2048641572,2489430594
dimwishlist:item=1815105249&perks=3666208348,269888150,776531651,2048641572,2489430594


// Hammerhead - Tis Hammertime! (pve)
//notes: tags:pve
dimwishlist:item=1896309757&perks=839105230,1885400500,1354429876,557221067,2489430594
dimwishlist:item=1896309757&perks=839105230,1885400500,1354429876,2109543898,2489430594
dimwishlist:item=1896309757&perks=839105230,1885400500,1354429876,95528736,2489430594
dimwishlist:item=1896309757&perks=839105230,1885400500,2048641572,557221067,2489430594
dimwishlist:item=1896309757&perks=839105230,1885400500,2048641572,2109543898,2489430594
dimwishlist:item=1896309757&perks=839105230,1885400500,2048641572,95528736,2489430594
dimwishlist:item=1896309757&perks=839105230,1885400500,2779035018,557221067,2489430594
dimwishlist:item=1896309757&perks=839105230,1885400500,2779035018,2109543898,2489430594
dimwishlist:item=1896309757&perks=839105230,1885400500,2779035018,95528736,2489430594
dimwishlist:item=1896309757&perks=839105230,1885400500,3425386926,557221067,2489430594
dimwishlist:item=1896309757&perks=839105230,1885400500,3425386926,2109543898,2489430594
dimwishlist:item=1896309757&perks=839105230,1885400500,3425386926,95528736,2489430594
dimwishlist:item=1896309757&perks=839105230,1885400500,3418782618,557221067,2489430594
dimwishlist:item=1896309757&perks=839105230,1885400500,3418782618,2109543898,2489430594
dimwishlist:item=1896309757&perks=839105230,1885400500,3418782618,95528736,2489430594
dimwishlist:item=1896309757&perks=839105230,1885400500,968510818,557221067,2489430594
dimwishlist:item=1896309757&perks=839105230,1885400500,968510818,2109543898,2489430594
dimwishlist:item=1896309757&perks=839105230,1885400500,968510818,95528736,2489430594
dimwishlist:item=1896309757&perks=839105230,1087426260,1354429876,557221067,2489430594
dimwishlist:item=1896309757&perks=839105230,1087426260,1354429876,2109543898,2489430594
dimwishlist:item=1896309757&perks=839105230,1087426260,1354429876,95528736,2489430594
dimwishlist:item=1896309757&perks=839105230,1087426260,2048641572,557221067,2489430594
dimwishlist:item=1896309757&perks=839105230,1087426260,2048641572,2109543898,2489430594
dimwishlist:item=1896309757&perks=839105230,1087426260,2048641572,95528736,2489430594
dimwishlist:item=1896309757&perks=839105230,1087426260,2779035018,557221067,2489430594
dimwishlist:item=1896309757&perks=839105230,1087426260,2779035018,2109543898,2489430594
dimwishlist:item=1896309757&perks=839105230,1087426260,2779035018,95528736,2489430594
dimwishlist:item=1896309757&perks=839105230,1087426260,3425386926,557221067,2489430594
dimwishlist:item=1896309757&perks=839105230,1087426260,3425386926,2109543898,2489430594
dimwishlist:item=1896309757&perks=839105230,1087426260,3425386926,95528736,2489430594
dimwishlist:item=1896309757&perks=839105230,1087426260,3418782618,557221067,2489430594
dimwishlist:item=1896309757&perks=839105230,1087426260,3418782618,2109543898,2489430594
dimwishlist:item=1896309757&perks=839105230,1087426260,3418782618,95528736,2489430594
dimwishlist:item=1896309757&perks=839105230,1087426260,968510818,557221067,2489430594
dimwishlist:item=1896309757&perks=839105230,1087426260,968510818,2109543898,2489430594
dimwishlist:item=1896309757&perks=839105230,1087426260,968510818,95528736,2489430594
dimwishlist:item=1896309757&perks=839105230,3230963543,1354429876,557221067,2489430594
dimwishlist:item=1896309757&perks=839105230,3230963543,1354429876,2109543898,2489430594
dimwishlist:item=1896309757&perks=839105230,3230963543,1354429876,95528736,2489430594
dimwishlist:item=1896309757&perks=839105230,3230963543,2048641572,557221067,2489430594
dimwishlist:item=1896309757&perks=839105230,3230963543,2048641572,2109543898,2489430594
dimwishlist:item=1896309757&perks=839105230,3230963543,2048641572,95528736,2489430594
dimwishlist:item=1896309757&perks=839105230,3230963543,2779035018,557221067,2489430594
dimwishlist:item=1896309757&perks=839105230,3230963543,2779035018,2109543898,2489430594
dimwishlist:item=1896309757&perks=839105230,3230963543,2779035018,95528736,2489430594
dimwishlist:item=1896309757&perks=839105230,3230963543,3425386926,557221067,2489430594
dimwishlist:item=1896309757&perks=839105230,3230963543,3425386926,2109543898,2489430594
dimwishlist:item=1896309757&perks=839105230,3230963543,3425386926,95528736,2489430594
dimwishlist:item=1896309757&perks=839105230,3230963543,3418782618,557221067,2489430594
dimwishlist:item=1896309757&perks=839105230,3230963543,3418782618,2109543898,2489430594
dimwishlist:item=1896309757&perks=839105230,3230963543,3418782618,95528736,2489430594
dimwishlist:item=1896309757&perks=839105230,3230963543,968510818,557221067,2489430594
dimwishlist:item=1896309757&perks=839105230,3230963543,968510818,2109543898,2489430594
dimwishlist:item=1896309757&perks=839105230,3230963543,968510818,95528736,2489430594
dimwishlist:item=1896309757&perks=839105230,679225683,1354429876,557221067,2489430594
dimwishlist:item=1896309757&perks=839105230,679225683,1354429876,2109543898,2489430594
dimwishlist:item=1896309757&perks=839105230,679225683,1354429876,95528736,2489430594
dimwishlist:item=1896309757&perks=839105230,679225683,2048641572,557221067,2489430594
dimwishlist:item=1896309757&perks=839105230,679225683,2048641572,2109543898,2489430594
dimwishlist:item=1896309757&perks=839105230,679225683,2048641572,95528736,2489430594
dimwishlist:item=1896309757&perks=839105230,679225683,2779035018,557221067,2489430594
dimwishlist:item=1896309757&perks=839105230,679225683,2779035018,2109543898,2489430594
dimwishlist:item=1896309757&perks=839105230,679225683,2779035018,95528736,2489430594
dimwishlist:item=1896309757&perks=839105230,679225683,3425386926,557221067,2489430594
dimwishlist:item=1896309757&perks=839105230,679225683,3425386926,2109543898,2489430594
dimwishlist:item=1896309757&perks=839105230,679225683,3425386926,95528736,2489430594
dimwishlist:item=1896309757&perks=839105230,679225683,3418782618,557221067,2489430594
dimwishlist:item=1896309757&perks=839105230,679225683,3418782618,2109543898,2489430594
dimwishlist:item=1896309757&perks=839105230,679225683,3418782618,95528736,2489430594
dimwishlist:item=1896309757&perks=839105230,679225683,968510818,557221067,2489430594
dimwishlist:item=1896309757&perks=839105230,679225683,968510818,2109543898,2489430594
dimwishlist:item=1896309757&perks=839105230,679225683,968510818,95528736,2489430594
dimwishlist:item=1896309757&perks=4090651448,1885400500,1354429876,557221067,2489430594
dimwishlist:item=1896309757&perks=4090651448,1885400500,1354429876,2109543898,2489430594
dimwishlist:item=1896309757&perks=4090651448,1885400500,1354429876,95528736,2489430594
dimwishlist:item=1896309757&perks=4090651448,1885400500,2048641572,557221067,2489430594
dimwishlist:item=1896309757&perks=4090651448,1885400500,2048641572,2109543898,2489430594
dimwishlist:item=1896309757&perks=4090651448,1885400500,2048641572,95528736,2489430594
dimwishlist:item=1896309757&perks=4090651448,1885400500,2779035018,557221067,2489430594
dimwishlist:item=1896309757&perks=4090651448,1885400500,2779035018,2109543898,2489430594
dimwishlist:item=1896309757&perks=4090651448,1885400500,2779035018,95528736,2489430594
dimwishlist:item=1896309757&perks=4090651448,1885400500,3425386926,557221067,2489430594
dimwishlist:item=1896309757&perks=4090651448,1885400500,3425386926,2109543898,2489430594
dimwishlist:item=1896309757&perks=4090651448,1885400500,3425386926,95528736,2489430594
dimwishlist:item=1896309757&perks=4090651448,1885400500,3418782618,557221067,2489430594
dimwishlist:item=1896309757&perks=4090651448,1885400500,3418782618,2109543898,2489430594
dimwishlist:item=1896309757&perks=4090651448,1885400500,3418782618,95528736,2489430594
dimwishlist:item=1896309757&perks=4090651448,1885400500,968510818,557221067,2489430594
dimwishlist:item=1896309757&perks=4090651448,1885400500,968510818,2109543898,2489430594
dimwishlist:item=1896309757&perks=4090651448,1885400500,968510818,95528736,2489430594
dimwishlist:item=1896309757&perks=4090651448,1087426260,1354429876,557221067,2489430594
dimwishlist:item=1896309757&perks=4090651448,1087426260,1354429876,2109543898,2489430594
dimwishlist:item=1896309757&perks=4090651448,1087426260,1354429876,95528736,2489430594
dimwishlist:item=1896309757&perks=4090651448,1087426260,2048641572,557221067,2489430594
dimwishlist:item=1896309757&perks=4090651448,1087426260,2048641572,2109543898,2489430594
dimwishlist:item=1896309757&perks=4090651448,1087426260,2048641572,95528736,2489430594
dimwishlist:item=1896309757&perks=4090651448,1087426260,2779035018,557221067,2489430594
dimwishlist:item=1896309757&perks=4090651448,1087426260,2779035018,2109543898,2489430594
dimwishlist:item=1896309757&perks=4090651448,1087426260,2779035018,95528736,2489430594
dimwishlist:item=1896309757&perks=4090651448,1087426260,3425386926,557221067,2489430594
dimwishlist:item=1896309757&perks=4090651448,1087426260,3425386926,2109543898,2489430594
dimwishlist:item=1896309757&perks=4090651448,1087426260,3425386926,95528736,2489430594
dimwishlist:item=1896309757&perks=4090651448,1087426260,3418782618,557221067,2489430594
dimwishlist:item=1896309757&perks=4090651448,1087426260,3418782618,2109543898,2489430594
dimwishlist:item=1896309757&perks=4090651448,1087426260,3418782618,95528736,2489430594
dimwishlist:item=1896309757&perks=4090651448,1087426260,968510818,557221067,2489430594
dimwishlist:item=1896309757&perks=4090651448,1087426260,968510818,2109543898,2489430594
dimwishlist:item=1896309757&perks=4090651448,1087426260,968510818,95528736,2489430594
dimwishlist:item=1896309757&perks=4090651448,3230963543,1354429876,557221067,2489430594
dimwishlist:item=1896309757&perks=4090651448,3230963543,1354429876,2109543898,2489430594
dimwishlist:item=1896309757&perks=4090651448,3230963543,1354429876,95528736,2489430594
dimwishlist:item=1896309757&perks=4090651448,3230963543,2048641572,557221067,2489430594
dimwishlist:item=1896309757&perks=4090651448,3230963543,2048641572,2109543898,2489430594
dimwishlist:item=1896309757&perks=4090651448,3230963543,2048641572,95528736,2489430594
dimwishlist:item=1896309757&perks=4090651448,3230963543,2779035018,557221067,2489430594
dimwishlist:item=1896309757&perks=4090651448,3230963543,2779035018,2109543898,2489430594
dimwishlist:item=1896309757&perks=4090651448,3230963543,2779035018,95528736,2489430594
dimwishlist:item=1896309757&perks=4090651448,3230963543,3425386926,557221067,2489430594
dimwishlist:item=1896309757&perks=4090651448,3230963543,3425386926,2109543898,2489430594
dimwishlist:item=1896309757&perks=4090651448,3230963543,3425386926,95528736,2489430594
dimwishlist:item=1896309757&perks=4090651448,3230963543,3418782618,557221067,2489430594
dimwishlist:item=1896309757&perks=4090651448,3230963543,3418782618,2109543898,2489430594
dimwishlist:item=1896309757&perks=4090651448,3230963543,3418782618,95528736,2489430594
dimwishlist:item=1896309757&perks=4090651448,3230963543,968510818,557221067,2489430594
dimwishlist:item=1896309757&perks=4090651448,3230963543,968510818,2109543898,2489430594
dimwishlist:item=1896309757&perks=4090651448,3230963543,968510818,95528736,2489430594
dimwishlist:item=1896309757&perks=4090651448,679225683,1354429876,557221067,2489430594
dimwishlist:item=1896309757&perks=4090651448,679225683,1354429876,2109543898,2489430594
dimwishlist:item=1896309757&perks=4090651448,679225683,1354429876,95528736,2489430594
dimwishlist:item=1896309757&perks=4090651448,679225683,2048641572,557221067,2489430594
dimwishlist:item=1896309757&perks=4090651448,679225683,2048641572,2109543898,2489430594
dimwishlist:item=1896309757&perks=4090651448,679225683,2048641572,95528736,2489430594
dimwishlist:item=1896309757&perks=4090651448,679225683,2779035018,557221067,2489430594
dimwishlist:item=1896309757&perks=4090651448,679225683,2779035018,2109543898,2489430594
dimwishlist:item=1896309757&perks=4090651448,679225683,2779035018,95528736,2489430594
dimwishlist:item=1896309757&perks=4090651448,679225683,3425386926,557221067,2489430594
dimwishlist:item=1896309757&perks=4090651448,679225683,3425386926,2109543898,2489430594
dimwishlist:item=1896309757&perks=4090651448,679225683,3425386926,95528736,2489430594
dimwishlist:item=1896309757&perks=4090651448,679225683,3418782618,557221067,2489430594
dimwishlist:item=1896309757&perks=4090651448,679225683,3418782618,2109543898,2489430594
dimwishlist:item=1896309757&perks=4090651448,679225683,3418782618,95528736,2489430594
dimwishlist:item=1896309757&perks=4090651448,679225683,968510818,557221067,2489430594
dimwishlist:item=1896309757&perks=4090651448,679225683,968510818,2109543898,2489430594
dimwishlist:item=1896309757&perks=4090651448,679225683,968510818,95528736,2489430594
dimwishlist:item=1896309757&perks=1840239774,1885400500,1354429876,557221067,2489430594
dimwishlist:item=1896309757&perks=1840239774,1885400500,1354429876,2109543898,2489430594
dimwishlist:item=1896309757&perks=1840239774,1885400500,1354429876,95528736,2489430594
dimwishlist:item=1896309757&perks=1840239774,1885400500,2048641572,557221067,2489430594
dimwishlist:item=1896309757&perks=1840239774,1885400500,2048641572,2109543898,2489430594
dimwishlist:item=1896309757&perks=1840239774,1885400500,2048641572,95528736,2489430594
dimwishlist:item=1896309757&perks=1840239774,1885400500,2779035018,557221067,2489430594
dimwishlist:item=1896309757&perks=1840239774,1885400500,2779035018,2109543898,2489430594
dimwishlist:item=1896309757&perks=1840239774,1885400500,2779035018,95528736,2489430594
dimwishlist:item=1896309757&perks=1840239774,1885400500,3425386926,557221067,2489430594
dimwishlist:item=1896309757&perks=1840239774,1885400500,3425386926,2109543898,2489430594
dimwishlist:item=1896309757&perks=1840239774,1885400500,3425386926,95528736,2489430594
dimwishlist:item=1896309757&perks=1840239774,1885400500,3418782618,557221067,2489430594
dimwishlist:item=1896309757&perks=1840239774,1885400500,3418782618,2109543898,2489430594
dimwishlist:item=1896309757&perks=1840239774,1885400500,3418782618,95528736,2489430594
dimwishlist:item=1896309757&perks=1840239774,1885400500,968510818,557221067,2489430594
dimwishlist:item=1896309757&perks=1840239774,1885400500,968510818,2109543898,2489430594
dimwishlist:item=1896309757&perks=1840239774,1885400500,968510818,95528736,2489430594
dimwishlist:item=1896309757&perks=1840239774,1087426260,1354429876,557221067,2489430594
dimwishlist:item=1896309757&perks=1840239774,1087426260,1354429876,2109543898,2489430594
dimwishlist:item=1896309757&perks=1840239774,1087426260,1354429876,95528736,2489430594
dimwishlist:item=1896309757&perks=1840239774,1087426260,2048641572,557221067,2489430594
dimwishlist:item=1896309757&perks=1840239774,1087426260,2048641572,2109543898,2489430594
dimwishlist:item=1896309757&perks=1840239774,1087426260,2048641572,95528736,2489430594
dimwishlist:item=1896309757&perks=1840239774,1087426260,2779035018,557221067,2489430594
dimwishlist:item=1896309757&perks=1840239774,1087426260,2779035018,2109543898,2489430594
dimwishlist:item=1896309757&perks=1840239774,1087426260,2779035018,95528736,2489430594
dimwishlist:item=1896309757&perks=1840239774,1087426260,3425386926,557221067,2489430594
dimwishlist:item=1896309757&perks=1840239774,1087426260,3425386926,2109543898,2489430594
dimwishlist:item=1896309757&perks=1840239774,1087426260,3425386926,95528736,2489430594
dimwishlist:item=1896309757&perks=1840239774,1087426260,3418782618,557221067,2489430594
dimwishlist:item=1896309757&perks=1840239774,1087426260,3418782618,2109543898,2489430594
dimwishlist:item=1896309757&perks=1840239774,1087426260,3418782618,95528736,2489430594
dimwishlist:item=1896309757&perks=1840239774,1087426260,968510818,557221067,2489430594
dimwishlist:item=1896309757&perks=1840239774,1087426260,968510818,2109543898,2489430594
dimwishlist:item=1896309757&perks=1840239774,1087426260,968510818,95528736,2489430594
dimwishlist:item=1896309757&perks=1840239774,3230963543,1354429876,557221067,2489430594
dimwishlist:item=1896309757&perks=1840239774,3230963543,1354429876,2109543898,2489430594
dimwishlist:item=1896309757&perks=1840239774,3230963543,1354429876,95528736,2489430594
dimwishlist:item=1896309757&perks=1840239774,3230963543,2048641572,557221067,2489430594
dimwishlist:item=1896309757&perks=1840239774,3230963543,2048641572,2109543898,2489430594
dimwishlist:item=1896309757&perks=1840239774,3230963543,2048641572,95528736,2489430594
dimwishlist:item=1896309757&perks=1840239774,3230963543,2779035018,557221067,2489430594
dimwishlist:item=1896309757&perks=1840239774,3230963543,2779035018,2109543898,2489430594
dimwishlist:item=1896309757&perks=1840239774,3230963543,2779035018,95528736,2489430594
dimwishlist:item=1896309757&perks=1840239774,3230963543,3425386926,557221067,2489430594
dimwishlist:item=1896309757&perks=1840239774,3230963543,3425386926,2109543898,2489430594
dimwishlist:item=1896309757&perks=1840239774,3230963543,3425386926,95528736,2489430594
dimwishlist:item=1896309757&perks=1840239774,3230963543,3418782618,557221067,2489430594
dimwishlist:item=1896309757&perks=1840239774,3230963543,3418782618,2109543898,2489430594
dimwishlist:item=1896309757&perks=1840239774,3230963543,3418782618,95528736,2489430594
dimwishlist:item=1896309757&perks=1840239774,3230963543,968510818,557221067,2489430594
dimwishlist:item=1896309757&perks=1840239774,3230963543,968510818,2109543898,2489430594
dimwishlist:item=1896309757&perks=1840239774,3230963543,968510818,95528736,2489430594
dimwishlist:item=1896309757&perks=1840239774,679225683,1354429876,557221067,2489430594
dimwishlist:item=1896309757&perks=1840239774,679225683,1354429876,2109543898,2489430594
dimwishlist:item=1896309757&perks=1840239774,679225683,1354429876,95528736,2489430594
dimwishlist:item=1896309757&perks=1840239774,679225683,2048641572,557221067,2489430594
dimwishlist:item=1896309757&perks=1840239774,679225683,2048641572,2109543898,2489430594
dimwishlist:item=1896309757&perks=1840239774,679225683,2048641572,95528736,2489430594
dimwishlist:item=1896309757&perks=1840239774,679225683,2779035018,557221067,2489430594
dimwishlist:item=1896309757&perks=1840239774,679225683,2779035018,2109543898,2489430594
dimwishlist:item=1896309757&perks=1840239774,679225683,2779035018,95528736,2489430594
dimwishlist:item=1896309757&perks=1840239774,679225683,3425386926,557221067,2489430594
dimwishlist:item=1896309757&perks=1840239774,679225683,3425386926,2109543898,2489430594
dimwishlist:item=1896309757&perks=1840239774,679225683,3425386926,95528736,2489430594
dimwishlist:item=1896309757&perks=1840239774,679225683,3418782618,557221067,2489430594
dimwishlist:item=1896309757&perks=1840239774,679225683,3418782618,2109543898,2489430594
dimwishlist:item=1896309757&perks=1840239774,679225683,3418782618,95528736,2489430594
dimwishlist:item=1896309757&perks=1840239774,679225683,968510818,557221067,2489430594
dimwishlist:item=1896309757&perks=1840239774,679225683,968510818,2109543898,2489430594
dimwishlist:item=1896309757&perks=1840239774,679225683,968510818,95528736,2489430594


// Blast Furnace - Damages go brrr (pve)
//notes: Looks like it has a lot of nice damage heavy perks.
To try in the field. tags:pve
dimwishlist:item=2372514508&perks=839105230,106909392,3891536761,2109543898,2489430594
dimwishlist:item=2372514508&perks=839105230,106909392,3891536761,3425386926,2489430594
dimwishlist:item=2372514508&perks=839105230,106909392,3891536761,4049631843,2489430594
dimwishlist:item=2372514508&perks=839105230,106909392,3891536761,3824105627,2489430594
dimwishlist:item=2372514508&perks=839105230,106909392,3619207468,2109543898,2489430594
dimwishlist:item=2372514508&perks=839105230,106909392,3619207468,3425386926,2489430594
dimwishlist:item=2372514508&perks=839105230,106909392,3619207468,4049631843,2489430594
dimwishlist:item=2372514508&perks=839105230,106909392,3619207468,3824105627,2489430594
dimwishlist:item=2372514508&perks=839105230,3230963543,3891536761,2109543898,2489430594
dimwishlist:item=2372514508&perks=839105230,3230963543,3891536761,3425386926,2489430594
dimwishlist:item=2372514508&perks=839105230,3230963543,3891536761,4049631843,2489430594
dimwishlist:item=2372514508&perks=839105230,3230963543,3891536761,3824105627,2489430594
dimwishlist:item=2372514508&perks=839105230,3230963543,3619207468,2109543898,2489430594
dimwishlist:item=2372514508&perks=839105230,3230963543,3619207468,3425386926,2489430594
dimwishlist:item=2372514508&perks=839105230,3230963543,3619207468,4049631843,2489430594
dimwishlist:item=2372514508&perks=839105230,3230963543,3619207468,3824105627,2489430594
dimwishlist:item=2372514508&perks=839105230,1087426260,3891536761,2109543898,2489430594
dimwishlist:item=2372514508&perks=839105230,1087426260,3891536761,3425386926,2489430594
dimwishlist:item=2372514508&perks=839105230,1087426260,3891536761,4049631843,2489430594
dimwishlist:item=2372514508&perks=839105230,1087426260,3891536761,3824105627,2489430594
dimwishlist:item=2372514508&perks=839105230,1087426260,3619207468,2109543898,2489430594
dimwishlist:item=2372514508&perks=839105230,1087426260,3619207468,3425386926,2489430594
dimwishlist:item=2372514508&perks=839105230,1087426260,3619207468,4049631843,2489430594
dimwishlist:item=2372514508&perks=839105230,1087426260,3619207468,3824105627,2489430594
dimwishlist:item=2372514508&perks=4090651448,106909392,3891536761,2109543898,2489430594
dimwishlist:item=2372514508&perks=4090651448,106909392,3891536761,3425386926,2489430594
dimwishlist:item=2372514508&perks=4090651448,106909392,3891536761,4049631843,2489430594
dimwishlist:item=2372514508&perks=4090651448,106909392,3891536761,3824105627,2489430594
dimwishlist:item=2372514508&perks=4090651448,106909392,3619207468,2109543898,2489430594
dimwishlist:item=2372514508&perks=4090651448,106909392,3619207468,3425386926,2489430594
dimwishlist:item=2372514508&perks=4090651448,106909392,3619207468,4049631843,2489430594
dimwishlist:item=2372514508&perks=4090651448,106909392,3619207468,3824105627,2489430594
dimwishlist:item=2372514508&perks=4090651448,3230963543,3891536761,2109543898,2489430594
dimwishlist:item=2372514508&perks=4090651448,3230963543,3891536761,3425386926,2489430594
dimwishlist:item=2372514508&perks=4090651448,3230963543,3891536761,4049631843,2489430594
dimwishlist:item=2372514508&perks=4090651448,3230963543,3891536761,3824105627,2489430594
dimwishlist:item=2372514508&perks=4090651448,3230963543,3619207468,2109543898,2489430594
dimwishlist:item=2372514508&perks=4090651448,3230963543,3619207468,3425386926,2489430594
dimwishlist:item=2372514508&perks=4090651448,3230963543,3619207468,4049631843,2489430594
dimwishlist:item=2372514508&perks=4090651448,3230963543,3619207468,3824105627,2489430594
dimwishlist:item=2372514508&perks=4090651448,1087426260,3891536761,2109543898,2489430594
dimwishlist:item=2372514508&perks=4090651448,1087426260,3891536761,3425386926,2489430594
dimwishlist:item=2372514508&perks=4090651448,1087426260,3891536761,4049631843,2489430594
dimwishlist:item=2372514508&perks=4090651448,1087426260,3891536761,3824105627,2489430594
dimwishlist:item=2372514508&perks=4090651448,1087426260,3619207468,2109543898,2489430594
dimwishlist:item=2372514508&perks=4090651448,1087426260,3619207468,3425386926,2489430594
dimwishlist:item=2372514508&perks=4090651448,1087426260,3619207468,4049631843,2489430594
dimwishlist:item=2372514508&perks=4090651448,1087426260,3619207468,3824105627,2489430594
dimwishlist:item=2372514508&perks=1840239774,106909392,3891536761,2109543898,2489430594
dimwishlist:item=2372514508&perks=1840239774,106909392,3891536761,3425386926,2489430594
dimwishlist:item=2372514508&perks=1840239774,106909392,3891536761,4049631843,2489430594
dimwishlist:item=2372514508&perks=1840239774,106909392,3891536761,3824105627,2489430594
dimwishlist:item=2372514508&perks=1840239774,106909392,3619207468,2109543898,2489430594
dimwishlist:item=2372514508&perks=1840239774,106909392,3619207468,3425386926,2489430594
dimwishlist:item=2372514508&perks=1840239774,106909392,3619207468,4049631843,2489430594
dimwishlist:item=2372514508&perks=1840239774,106909392,3619207468,3824105627,2489430594
dimwishlist:item=2372514508&perks=1840239774,3230963543,3891536761,2109543898,2489430594
dimwishlist:item=2372514508&perks=1840239774,3230963543,3891536761,3425386926,2489430594
dimwishlist:item=2372514508&perks=1840239774,3230963543,3891536761,4049631843,2489430594
dimwishlist:item=2372514508&perks=1840239774,3230963543,3891536761,3824105627,2489430594
dimwishlist:item=2372514508&perks=1840239774,3230963543,3619207468,2109543898,2489430594
dimwishlist:item=2372514508&perks=1840239774,3230963543,3619207468,3425386926,2489430594
dimwishlist:item=2372514508&perks=1840239774,3230963543,3619207468,4049631843,2489430594
dimwishlist:item=2372514508&perks=1840239774,3230963543,3619207468,3824105627,2489430594
dimwishlist:item=2372514508&perks=1840239774,1087426260,3891536761,2109543898,2489430594
dimwishlist:item=2372514508&perks=1840239774,1087426260,3891536761,3425386926,2489430594
dimwishlist:item=2372514508&perks=1840239774,1087426260,3891536761,4049631843,2489430594
dimwishlist:item=2372514508&perks=1840239774,1087426260,3891536761,3824105627,2489430594
dimwishlist:item=2372514508&perks=1840239774,1087426260,3619207468,2109543898,2489430594
dimwishlist:item=2372514508&perks=1840239774,1087426260,3619207468,3425386926,2489430594
dimwishlist:item=2372514508&perks=1840239774,1087426260,3619207468,4049631843,2489430594
dimwishlist:item=2372514508&perks=1840239774,1087426260,3619207468,3824105627,2489430594


// Elsie's Rifle - Void Debuff (pve)
//notes: based around Destabilizing Rounds, will apply volatile to targets.
- Repulsor Brace makes is that you can generate an overshield for yourself.
- Loose change will proc with Destabilizing Rounds
- Feeding Frenzy is the usual add-clear perk
- Rewind rounds to keep the streak for longer tags:pve
dimwishlist:item=2372514509&perks=839105230,1885400500,3418782618,2048641572,2489430594
dimwishlist:item=2372514509&perks=839105230,1885400500,1119449540,2048641572,2489430594
dimwishlist:item=2372514509&perks=839105230,1885400500,2779035018,2048641572,2489430594
dimwishlist:item=2372514509&perks=839105230,1885400500,776531651,2048641572,2489430594
dimwishlist:item=2372514509&perks=839105230,1885400500,3619207468,2048641572,2489430594
dimwishlist:item=2372514509&perks=839105230,1087426260,3418782618,2048641572,2489430594
dimwishlist:item=2372514509&perks=839105230,1087426260,1119449540,2048641572,2489430594
dimwishlist:item=2372514509&perks=839105230,1087426260,2779035018,2048641572,2489430594
dimwishlist:item=2372514509&perks=839105230,1087426260,776531651,2048641572,2489430594
dimwishlist:item=2372514509&perks=839105230,1087426260,3619207468,2048641572,2489430594
dimwishlist:item=2372514509&perks=839105230,3230963543,3418782618,2048641572,2489430594
dimwishlist:item=2372514509&perks=839105230,3230963543,1119449540,2048641572,2489430594
dimwishlist:item=2372514509&perks=839105230,3230963543,2779035018,2048641572,2489430594
dimwishlist:item=2372514509&perks=839105230,3230963543,776531651,2048641572,2489430594
dimwishlist:item=2372514509&perks=839105230,3230963543,3619207468,2048641572,2489430594
dimwishlist:item=2372514509&perks=839105230,679225683,3418782618,2048641572,2489430594
dimwishlist:item=2372514509&perks=839105230,679225683,1119449540,2048641572,2489430594
dimwishlist:item=2372514509&perks=839105230,679225683,2779035018,2048641572,2489430594
dimwishlist:item=2372514509&perks=839105230,679225683,776531651,2048641572,2489430594
dimwishlist:item=2372514509&perks=839105230,679225683,3619207468,2048641572,2489430594
dimwishlist:item=2372514509&perks=4090651448,1885400500,3418782618,2048641572,2489430594
dimwishlist:item=2372514509&perks=4090651448,1885400500,1119449540,2048641572,2489430594
dimwishlist:item=2372514509&perks=4090651448,1885400500,2779035018,2048641572,2489430594
dimwishlist:item=2372514509&perks=4090651448,1885400500,776531651,2048641572,2489430594
dimwishlist:item=2372514509&perks=4090651448,1885400500,3619207468,2048641572,2489430594
dimwishlist:item=2372514509&perks=4090651448,1087426260,3418782618,2048641572,2489430594
dimwishlist:item=2372514509&perks=4090651448,1087426260,1119449540,2048641572,2489430594
dimwishlist:item=2372514509&perks=4090651448,1087426260,2779035018,2048641572,2489430594
dimwishlist:item=2372514509&perks=4090651448,1087426260,776531651,2048641572,2489430594
dimwishlist:item=2372514509&perks=4090651448,1087426260,3619207468,2048641572,2489430594
dimwishlist:item=2372514509&perks=4090651448,3230963543,3418782618,2048641572,2489430594
dimwishlist:item=2372514509&perks=4090651448,3230963543,1119449540,2048641572,2489430594
dimwishlist:item=2372514509&perks=4090651448,3230963543,2779035018,2048641572,2489430594
dimwishlist:item=2372514509&perks=4090651448,3230963543,776531651,2048641572,2489430594
dimwishlist:item=2372514509&perks=4090651448,3230963543,3619207468,2048641572,2489430594
dimwishlist:item=2372514509&perks=4090651448,679225683,3418782618,2048641572,2489430594
dimwishlist:item=2372514509&perks=4090651448,679225683,1119449540,2048641572,2489430594
dimwishlist:item=2372514509&perks=4090651448,679225683,2779035018,2048641572,2489430594
dimwishlist:item=2372514509&perks=4090651448,679225683,776531651,2048641572,2489430594
dimwishlist:item=2372514509&perks=4090651448,679225683,3619207468,2048641572,2489430594
dimwishlist:item=2372514509&perks=1840239774,1885400500,3418782618,2048641572,2489430594
dimwishlist:item=2372514509&perks=1840239774,1885400500,1119449540,2048641572,2489430594
dimwishlist:item=2372514509&perks=1840239774,1885400500,2779035018,2048641572,2489430594
dimwishlist:item=2372514509&perks=1840239774,1885400500,776531651,2048641572,2489430594
dimwishlist:item=2372514509&perks=1840239774,1885400500,3619207468,2048641572,2489430594
dimwishlist:item=2372514509&perks=1840239774,1087426260,3418782618,2048641572,2489430594
dimwishlist:item=2372514509&perks=1840239774,1087426260,1119449540,2048641572,2489430594
dimwishlist:item=2372514509&perks=1840239774,1087426260,2779035018,2048641572,2489430594
dimwishlist:item=2372514509&perks=1840239774,1087426260,776531651,2048641572,2489430594
dimwishlist:item=2372514509&perks=1840239774,1087426260,3619207468,2048641572,2489430594
dimwishlist:item=2372514509&perks=1840239774,3230963543,3418782618,2048641572,2489430594
dimwishlist:item=2372514509&perks=1840239774,3230963543,1119449540,2048641572,2489430594
dimwishlist:item=2372514509&perks=1840239774,3230963543,2779035018,2048641572,2489430594
dimwishlist:item=2372514509&perks=1840239774,3230963543,776531651,2048641572,2489430594
dimwishlist:item=2372514509&perks=1840239774,3230963543,3619207468,2048641572,2489430594
dimwishlist:item=2372514509&perks=1840239774,679225683,3418782618,2048641572,2489430594
dimwishlist:item=2372514509&perks=1840239774,679225683,1119449540,2048641572,2489430594
dimwishlist:item=2372514509&perks=1840239774,679225683,2779035018,2048641572,2489430594
dimwishlist:item=2372514509&perks=1840239774,679225683,776531651,2048641572,2489430594
dimwishlist:item=2372514509&perks=1840239774,679225683,3619207468,2048641572,2489430594


// Elsie's Rifle - Misc (pve)
//notes: Damage builds tags:pve
dimwishlist:item=2372514509&perks=839105230,1885400500,3418782618,2109543898,2489430594
dimwishlist:item=2372514509&perks=839105230,1885400500,3418782618,4104185692,2489430594
dimwishlist:item=2372514509&perks=839105230,1885400500,3418782618,11612903,2489430594
dimwishlist:item=2372514509&perks=839105230,1885400500,3418782618,1015611457,2489430594
dimwishlist:item=2372514509&perks=839105230,1885400500,1119449540,2109543898,2489430594
dimwishlist:item=2372514509&perks=839105230,1885400500,1119449540,4104185692,2489430594
dimwishlist:item=2372514509&perks=839105230,1885400500,1119449540,11612903,2489430594
dimwishlist:item=2372514509&perks=839105230,1885400500,1119449540,1015611457,2489430594
dimwishlist:item=2372514509&perks=839105230,1885400500,2779035018,2109543898,2489430594
dimwishlist:item=2372514509&perks=839105230,1885400500,2779035018,4104185692,2489430594
dimwishlist:item=2372514509&perks=839105230,1885400500,2779035018,11612903,2489430594
dimwishlist:item=2372514509&perks=839105230,1885400500,2779035018,1015611457,2489430594
dimwishlist:item=2372514509&perks=839105230,1885400500,3619207468,2109543898,2489430594
dimwishlist:item=2372514509&perks=839105230,1885400500,3619207468,4104185692,2489430594
dimwishlist:item=2372514509&perks=839105230,1885400500,3619207468,11612903,2489430594
dimwishlist:item=2372514509&perks=839105230,1885400500,3619207468,1015611457,2489430594
dimwishlist:item=2372514509&perks=839105230,1087426260,3418782618,2109543898,2489430594
dimwishlist:item=2372514509&perks=839105230,1087426260,3418782618,4104185692,2489430594
dimwishlist:item=2372514509&perks=839105230,1087426260,3418782618,11612903,2489430594
dimwishlist:item=2372514509&perks=839105230,1087426260,3418782618,1015611457,2489430594
dimwishlist:item=2372514509&perks=839105230,1087426260,1119449540,2109543898,2489430594
dimwishlist:item=2372514509&perks=839105230,1087426260,1119449540,4104185692,2489430594
dimwishlist:item=2372514509&perks=839105230,1087426260,1119449540,11612903,2489430594
dimwishlist:item=2372514509&perks=839105230,1087426260,1119449540,1015611457,2489430594
dimwishlist:item=2372514509&perks=839105230,1087426260,2779035018,2109543898,2489430594
dimwishlist:item=2372514509&perks=839105230,1087426260,2779035018,4104185692,2489430594
dimwishlist:item=2372514509&perks=839105230,1087426260,2779035018,11612903,2489430594
dimwishlist:item=2372514509&perks=839105230,1087426260,2779035018,1015611457,2489430594
dimwishlist:item=2372514509&perks=839105230,1087426260,3619207468,2109543898,2489430594
dimwishlist:item=2372514509&perks=839105230,1087426260,3619207468,4104185692,2489430594
dimwishlist:item=2372514509&perks=839105230,1087426260,3619207468,11612903,2489430594
dimwishlist:item=2372514509&perks=839105230,1087426260,3619207468,1015611457,2489430594
dimwishlist:item=2372514509&perks=839105230,3230963543,3418782618,2109543898,2489430594
dimwishlist:item=2372514509&perks=839105230,3230963543,3418782618,4104185692,2489430594
dimwishlist:item=2372514509&perks=839105230,3230963543,3418782618,11612903,2489430594
dimwishlist:item=2372514509&perks=839105230,3230963543,3418782618,1015611457,2489430594
dimwishlist:item=2372514509&perks=839105230,3230963543,1119449540,2109543898,2489430594
dimwishlist:item=2372514509&perks=839105230,3230963543,1119449540,4104185692,2489430594
dimwishlist:item=2372514509&perks=839105230,3230963543,1119449540,11612903,2489430594
dimwishlist:item=2372514509&perks=839105230,3230963543,1119449540,1015611457,2489430594
dimwishlist:item=2372514509&perks=839105230,3230963543,2779035018,2109543898,2489430594
dimwishlist:item=2372514509&perks=839105230,3230963543,2779035018,4104185692,2489430594
dimwishlist:item=2372514509&perks=839105230,3230963543,2779035018,11612903,2489430594
dimwishlist:item=2372514509&perks=839105230,3230963543,2779035018,1015611457,2489430594
dimwishlist:item=2372514509&perks=839105230,3230963543,3619207468,2109543898,2489430594
dimwishlist:item=2372514509&perks=839105230,3230963543,3619207468,4104185692,2489430594
dimwishlist:item=2372514509&perks=839105230,3230963543,3619207468,11612903,2489430594
dimwishlist:item=2372514509&perks=839105230,3230963543,3619207468,1015611457,2489430594
dimwishlist:item=2372514509&perks=839105230,679225683,3418782618,2109543898,2489430594
dimwishlist:item=2372514509&perks=839105230,679225683,3418782618,4104185692,2489430594
dimwishlist:item=2372514509&perks=839105230,679225683,3418782618,11612903,2489430594
dimwishlist:item=2372514509&perks=839105230,679225683,3418782618,1015611457,2489430594
dimwishlist:item=2372514509&perks=839105230,679225683,1119449540,2109543898,2489430594
dimwishlist:item=2372514509&perks=839105230,679225683,1119449540,4104185692,2489430594
dimwishlist:item=2372514509&perks=839105230,679225683,1119449540,11612903,2489430594
dimwishlist:item=2372514509&perks=839105230,679225683,1119449540,1015611457,2489430594
dimwishlist:item=2372514509&perks=839105230,679225683,2779035018,2109543898,2489430594
dimwishlist:item=2372514509&perks=839105230,679225683,2779035018,4104185692,2489430594
dimwishlist:item=2372514509&perks=839105230,679225683,2779035018,11612903,2489430594
dimwishlist:item=2372514509&perks=839105230,679225683,2779035018,1015611457,2489430594
dimwishlist:item=2372514509&perks=839105230,679225683,3619207468,2109543898,2489430594
dimwishlist:item=2372514509&perks=839105230,679225683,3619207468,4104185692,2489430594
dimwishlist:item=2372514509&perks=839105230,679225683,3619207468,11612903,2489430594
dimwishlist:item=2372514509&perks=839105230,679225683,3619207468,1015611457,2489430594
dimwishlist:item=2372514509&perks=4090651448,1885400500,3418782618,2109543898,2489430594
dimwishlist:item=2372514509&perks=4090651448,1885400500,3418782618,4104185692,2489430594
dimwishlist:item=2372514509&perks=4090651448,1885400500,3418782618,11612903,2489430594
dimwishlist:item=2372514509&perks=4090651448,1885400500,3418782618,1015611457,2489430594
dimwishlist:item=2372514509&perks=4090651448,1885400500,1119449540,2109543898,2489430594
dimwishlist:item=2372514509&perks=4090651448,1885400500,1119449540,4104185692,2489430594
dimwishlist:item=2372514509&perks=4090651448,1885400500,1119449540,11612903,2489430594
dimwishlist:item=2372514509&perks=4090651448,1885400500,1119449540,1015611457,2489430594
dimwishlist:item=2372514509&perks=4090651448,1885400500,2779035018,2109543898,2489430594
dimwishlist:item=2372514509&perks=4090651448,1885400500,2779035018,4104185692,2489430594
dimwishlist:item=2372514509&perks=4090651448,1885400500,2779035018,11612903,2489430594
dimwishlist:item=2372514509&perks=4090651448,1885400500,2779035018,1015611457,2489430594
dimwishlist:item=2372514509&perks=4090651448,1885400500,3619207468,2109543898,2489430594
dimwishlist:item=2372514509&perks=4090651448,1885400500,3619207468,4104185692,2489430594
dimwishlist:item=2372514509&perks=4090651448,1885400500,3619207468,11612903,2489430594
dimwishlist:item=2372514509&perks=4090651448,1885400500,3619207468,1015611457,2489430594
dimwishlist:item=2372514509&perks=4090651448,1087426260,3418782618,2109543898,2489430594
dimwishlist:item=2372514509&perks=4090651448,1087426260,3418782618,4104185692,2489430594
dimwishlist:item=2372514509&perks=4090651448,1087426260,3418782618,11612903,2489430594
dimwishlist:item=2372514509&perks=4090651448,1087426260,3418782618,1015611457,2489430594
dimwishlist:item=2372514509&perks=4090651448,1087426260,1119449540,2109543898,2489430594
dimwishlist:item=2372514509&perks=4090651448,1087426260,1119449540,4104185692,2489430594
dimwishlist:item=2372514509&perks=4090651448,1087426260,1119449540,11612903,2489430594
dimwishlist:item=2372514509&perks=4090651448,1087426260,1119449540,1015611457,2489430594
dimwishlist:item=2372514509&perks=4090651448,1087426260,2779035018,2109543898,2489430594
dimwishlist:item=2372514509&perks=4090651448,1087426260,2779035018,4104185692,2489430594
dimwishlist:item=2372514509&perks=4090651448,1087426260,2779035018,11612903,2489430594
dimwishlist:item=2372514509&perks=4090651448,1087426260,2779035018,1015611457,2489430594
dimwishlist:item=2372514509&perks=4090651448,1087426260,3619207468,2109543898,2489430594
dimwishlist:item=2372514509&perks=4090651448,1087426260,3619207468,4104185692,2489430594
dimwishlist:item=2372514509&perks=4090651448,1087426260,3619207468,11612903,2489430594
dimwishlist:item=2372514509&perks=4090651448,1087426260,3619207468,1015611457,2489430594
dimwishlist:item=2372514509&perks=4090651448,3230963543,3418782618,2109543898,2489430594
dimwishlist:item=2372514509&perks=4090651448,3230963543,3418782618,4104185692,2489430594
dimwishlist:item=2372514509&perks=4090651448,3230963543,3418782618,11612903,2489430594
dimwishlist:item=2372514509&perks=4090651448,3230963543,3418782618,1015611457,2489430594
dimwishlist:item=2372514509&perks=4090651448,3230963543,1119449540,2109543898,2489430594
dimwishlist:item=2372514509&perks=4090651448,3230963543,1119449540,4104185692,2489430594
dimwishlist:item=2372514509&perks=4090651448,3230963543,1119449540,11612903,2489430594
dimwishlist:item=2372514509&perks=4090651448,3230963543,1119449540,1015611457,2489430594
dimwishlist:item=2372514509&perks=4090651448,3230963543,2779035018,2109543898,2489430594
dimwishlist:item=2372514509&perks=4090651448,3230963543,2779035018,4104185692,2489430594
dimwishlist:item=2372514509&perks=4090651448,3230963543,2779035018,11612903,2489430594
dimwishlist:item=2372514509&perks=4090651448,3230963543,2779035018,1015611457,2489430594
dimwishlist:item=2372514509&perks=4090651448,3230963543,3619207468,2109543898,2489430594
dimwishlist:item=2372514509&perks=4090651448,3230963543,3619207468,4104185692,2489430594
dimwishlist:item=2372514509&perks=4090651448,3230963543,3619207468,11612903,2489430594
dimwishlist:item=2372514509&perks=4090651448,3230963543,3619207468,1015611457,2489430594
dimwishlist:item=2372514509&perks=4090651448,679225683,3418782618,2109543898,2489430594
dimwishlist:item=2372514509&perks=4090651448,679225683,3418782618,4104185692,2489430594
dimwishlist:item=2372514509&perks=4090651448,679225683,3418782618,11612903,2489430594
dimwishlist:item=2372514509&perks=4090651448,679225683,3418782618,1015611457,2489430594
dimwishlist:item=2372514509&perks=4090651448,679225683,1119449540,2109543898,2489430594
dimwishlist:item=2372514509&perks=4090651448,679225683,1119449540,4104185692,2489430594
dimwishlist:item=2372514509&perks=4090651448,679225683,1119449540,11612903,2489430594
dimwishlist:item=2372514509&perks=4090651448,679225683,1119449540,1015611457,2489430594
dimwishlist:item=2372514509&perks=4090651448,679225683,2779035018,2109543898,2489430594
dimwishlist:item=2372514509&perks=4090651448,679225683,2779035018,4104185692,2489430594
dimwishlist:item=2372514509&perks=4090651448,679225683,2779035018,11612903,2489430594
dimwishlist:item=2372514509&perks=4090651448,679225683,2779035018,1015611457,2489430594
dimwishlist:item=2372514509&perks=4090651448,679225683,3619207468,2109543898,2489430594
dimwishlist:item=2372514509&perks=4090651448,679225683,3619207468,4104185692,2489430594
dimwishlist:item=2372514509&perks=4090651448,679225683,3619207468,11612903,2489430594
dimwishlist:item=2372514509&perks=4090651448,679225683,3619207468,1015611457,2489430594
dimwishlist:item=2372514509&perks=1840239774,1885400500,3418782618,2109543898,2489430594
dimwishlist:item=2372514509&perks=1840239774,1885400500,3418782618,4104185692,2489430594
dimwishlist:item=2372514509&perks=1840239774,1885400500,3418782618,11612903,2489430594
dimwishlist:item=2372514509&perks=1840239774,1885400500,3418782618,1015611457,2489430594
dimwishlist:item=2372514509&perks=1840239774,1885400500,1119449540,2109543898,2489430594
dimwishlist:item=2372514509&perks=1840239774,1885400500,1119449540,4104185692,2489430594
dimwishlist:item=2372514509&perks=1840239774,1885400500,1119449540,11612903,2489430594
dimwishlist:item=2372514509&perks=1840239774,1885400500,1119449540,1015611457,2489430594
dimwishlist:item=2372514509&perks=1840239774,1885400500,2779035018,2109543898,2489430594
dimwishlist:item=2372514509&perks=1840239774,1885400500,2779035018,4104185692,2489430594
dimwishlist:item=2372514509&perks=1840239774,1885400500,2779035018,11612903,2489430594
dimwishlist:item=2372514509&perks=1840239774,1885400500,2779035018,1015611457,2489430594
dimwishlist:item=2372514509&perks=1840239774,1885400500,3619207468,2109543898,2489430594
dimwishlist:item=2372514509&perks=1840239774,1885400500,3619207468,4104185692,2489430594
dimwishlist:item=2372514509&perks=1840239774,1885400500,3619207468,11612903,2489430594
dimwishlist:item=2372514509&perks=1840239774,1885400500,3619207468,1015611457,2489430594
dimwishlist:item=2372514509&perks=1840239774,1087426260,3418782618,2109543898,2489430594
dimwishlist:item=2372514509&perks=1840239774,1087426260,3418782618,4104185692,2489430594
dimwishlist:item=2372514509&perks=1840239774,1087426260,3418782618,11612903,2489430594
dimwishlist:item=2372514509&perks=1840239774,1087426260,3418782618,1015611457,2489430594
dimwishlist:item=2372514509&perks=1840239774,1087426260,1119449540,2109543898,2489430594
dimwishlist:item=2372514509&perks=1840239774,1087426260,1119449540,4104185692,2489430594
dimwishlist:item=2372514509&perks=1840239774,1087426260,1119449540,11612903,2489430594
dimwishlist:item=2372514509&perks=1840239774,1087426260,1119449540,1015611457,2489430594
dimwishlist:item=2372514509&perks=1840239774,1087426260,2779035018,2109543898,2489430594
dimwishlist:item=2372514509&perks=1840239774,1087426260,2779035018,4104185692,2489430594
dimwishlist:item=2372514509&perks=1840239774,1087426260,2779035018,11612903,2489430594
dimwishlist:item=2372514509&perks=1840239774,1087426260,2779035018,1015611457,2489430594
dimwishlist:item=2372514509&perks=1840239774,1087426260,3619207468,2109543898,2489430594
dimwishlist:item=2372514509&perks=1840239774,1087426260,3619207468,4104185692,2489430594
dimwishlist:item=2372514509&perks=1840239774,1087426260,3619207468,11612903,2489430594
dimwishlist:item=2372514509&perks=1840239774,1087426260,3619207468,1015611457,2489430594
dimwishlist:item=2372514509&perks=1840239774,3230963543,3418782618,2109543898,2489430594
dimwishlist:item=2372514509&perks=1840239774,3230963543,3418782618,4104185692,2489430594
dimwishlist:item=2372514509&perks=1840239774,3230963543,3418782618,11612903,2489430594
dimwishlist:item=2372514509&perks=1840239774,3230963543,3418782618,1015611457,2489430594
dimwishlist:item=2372514509&perks=1840239774,3230963543,1119449540,2109543898,2489430594
dimwishlist:item=2372514509&perks=1840239774,3230963543,1119449540,4104185692,2489430594
dimwishlist:item=2372514509&perks=1840239774,3230963543,1119449540,11612903,2489430594
dimwishlist:item=2372514509&perks=1840239774,3230963543,1119449540,1015611457,2489430594
dimwishlist:item=2372514509&perks=1840239774,3230963543,2779035018,2109543898,2489430594
dimwishlist:item=2372514509&perks=1840239774,3230963543,2779035018,4104185692,2489430594
dimwishlist:item=2372514509&perks=1840239774,3230963543,2779035018,11612903,2489430594
dimwishlist:item=2372514509&perks=1840239774,3230963543,2779035018,1015611457,2489430594
dimwishlist:item=2372514509&perks=1840239774,3230963543,3619207468,2109543898,2489430594
dimwishlist:item=2372514509&perks=1840239774,3230963543,3619207468,4104185692,2489430594
dimwishlist:item=2372514509&perks=1840239774,3230963543,3619207468,11612903,2489430594
dimwishlist:item=2372514509&perks=1840239774,3230963543,3619207468,1015611457,2489430594
dimwishlist:item=2372514509&perks=1840239774,679225683,3418782618,2109543898,2489430594
dimwishlist:item=2372514509&perks=1840239774,679225683,3418782618,4104185692,2489430594
dimwishlist:item=2372514509&perks=1840239774,679225683,3418782618,11612903,2489430594
dimwishlist:item=2372514509&perks=1840239774,679225683,3418782618,1015611457,2489430594
dimwishlist:item=2372514509&perks=1840239774,679225683,1119449540,2109543898,2489430594
dimwishlist:item=2372514509&perks=1840239774,679225683,1119449540,4104185692,2489430594
dimwishlist:item=2372514509&perks=1840239774,679225683,1119449540,11612903,2489430594
dimwishlist:item=2372514509&perks=1840239774,679225683,1119449540,1015611457,2489430594
dimwishlist:item=2372514509&perks=1840239774,679225683,2779035018,2109543898,2489430594
dimwishlist:item=2372514509&perks=1840239774,679225683,2779035018,4104185692,2489430594
dimwishlist:item=2372514509&perks=1840239774,679225683,2779035018,11612903,2489430594
dimwishlist:item=2372514509&perks=1840239774,679225683,2779035018,1015611457,2489430594
dimwishlist:item=2372514509&perks=1840239774,679225683,3619207468,2109543898,2489430594
dimwishlist:item=2372514509&perks=1840239774,679225683,3619207468,4104185692,2489430594
dimwishlist:item=2372514509&perks=1840239774,679225683,3619207468,11612903,2489430594
dimwishlist:item=2372514509&perks=1840239774,679225683,3619207468,1015611457,2489430594


// Luna's Howl - Burn Baby (pve)
//notes: Trying to build around Incandescent.
 tags:pve
dimwishlist:item=2763843899&perks=839105230,1885400500,3828510309,4293542123,2489430594
dimwishlist:item=2763843899&perks=839105230,1885400500,3828510309,1015611457,2489430594
dimwishlist:item=2763843899&perks=839105230,1885400500,3017780555,4293542123,2489430594
dimwishlist:item=2763843899&perks=839105230,1885400500,3017780555,1015611457,2489430594
dimwishlist:item=2763843899&perks=839105230,1087426260,3828510309,4293542123,2489430594
dimwishlist:item=2763843899&perks=839105230,1087426260,3828510309,1015611457,2489430594
dimwishlist:item=2763843899&perks=839105230,1087426260,3017780555,4293542123,2489430594
dimwishlist:item=2763843899&perks=839105230,1087426260,3017780555,1015611457,2489430594
dimwishlist:item=2763843899&perks=839105230,3230963543,3828510309,4293542123,2489430594
dimwishlist:item=2763843899&perks=839105230,3230963543,3828510309,1015611457,2489430594
dimwishlist:item=2763843899&perks=839105230,3230963543,3017780555,4293542123,2489430594
dimwishlist:item=2763843899&perks=839105230,3230963543,3017780555,1015611457,2489430594
dimwishlist:item=2763843899&perks=4090651448,1885400500,3828510309,4293542123,2489430594
dimwishlist:item=2763843899&perks=4090651448,1885400500,3828510309,1015611457,2489430594
dimwishlist:item=2763843899&perks=4090651448,1885400500,3017780555,4293542123,2489430594
dimwishlist:item=2763843899&perks=4090651448,1885400500,3017780555,1015611457,2489430594
dimwishlist:item=2763843899&perks=4090651448,1087426260,3828510309,4293542123,2489430594
dimwishlist:item=2763843899&perks=4090651448,1087426260,3828510309,1015611457,2489430594
dimwishlist:item=2763843899&perks=4090651448,1087426260,3017780555,4293542123,2489430594
dimwishlist:item=2763843899&perks=4090651448,1087426260,3017780555,1015611457,2489430594
dimwishlist:item=2763843899&perks=4090651448,3230963543,3828510309,4293542123,2489430594
dimwishlist:item=2763843899&perks=4090651448,3230963543,3828510309,1015611457,2489430594
dimwishlist:item=2763843899&perks=4090651448,3230963543,3017780555,4293542123,2489430594
dimwishlist:item=2763843899&perks=4090651448,3230963543,3017780555,1015611457,2489430594
dimwishlist:item=2763843899&perks=1840239774,1885400500,3828510309,4293542123,2489430594
dimwishlist:item=2763843899&perks=1840239774,1885400500,3828510309,1015611457,2489430594
dimwishlist:item=2763843899&perks=1840239774,1885400500,3017780555,4293542123,2489430594
dimwishlist:item=2763843899&perks=1840239774,1885400500,3017780555,1015611457,2489430594
dimwishlist:item=2763843899&perks=1840239774,1087426260,3828510309,4293542123,2489430594
dimwishlist:item=2763843899&perks=1840239774,1087426260,3828510309,1015611457,2489430594
dimwishlist:item=2763843899&perks=1840239774,1087426260,3017780555,4293542123,2489430594
dimwishlist:item=2763843899&perks=1840239774,1087426260,3017780555,1015611457,2489430594
dimwishlist:item=2763843899&perks=1840239774,3230963543,3828510309,4293542123,2489430594
dimwishlist:item=2763843899&perks=1840239774,3230963543,3828510309,1015611457,2489430594
dimwishlist:item=2763843899&perks=1840239774,3230963543,3017780555,4293542123,2489430594
dimwishlist:item=2763843899&perks=1840239774,3230963543,3017780555,1015611457,2489430594


// Indebted Kindness - Mini Rocket Launcher (pve)
//notes: Great Weapon
Does great damage by itself
Voltshot push it to 11
Beacon rounds makes it that no one can escape your fury tags:pve
dimwishlist:item=3381450498&perks=3525010810,2822142346,2859149211,2173046394,220689851
dimwishlist:item=3381450498&perks=3525010810,106909392,2859149211,2173046394,220689851
dimwishlist:item=3381450498&perks=3525010810,1087426260,2859149211,2173046394,220689851
dimwishlist:item=3381450498&perks=3798852852,2822142346,2859149211,2173046394,220689851
dimwishlist:item=3381450498&perks=3798852852,106909392,2859149211,2173046394,220689851
dimwishlist:item=3381450498&perks=3798852852,1087426260,2859149211,2173046394,220689851
dimwishlist:item=3381450498&perks=1441682018,2822142346,2859149211,2173046394,220689851
dimwishlist:item=3381450498&perks=1441682018,106909392,2859149211,2173046394,220689851
dimwishlist:item=3381450498&perks=1441682018,1087426260,2859149211,2173046394,220689851


// Succession - Not a Sniper user (pve)
//notes: Not a sniper user, but nice perks tho tags:pve
dimwishlist:item=3612338554&perks=839105230,106909392,1523832109,1546637391,2489430594
dimwishlist:item=3612338554&perks=839105230,106909392,1523832109,2896038713,2489430594
dimwishlist:item=3612338554&perks=839105230,106909392,1523832109,1771339417,2489430594
dimwishlist:item=3612338554&perks=839105230,106909392,3523296417,1546637391,2489430594
dimwishlist:item=3612338554&perks=839105230,106909392,3523296417,2896038713,2489430594
dimwishlist:item=3612338554&perks=839105230,106909392,3523296417,1771339417,2489430594
dimwishlist:item=3612338554&perks=839105230,2420895100,1523832109,1546637391,2489430594
dimwishlist:item=3612338554&perks=839105230,2420895100,1523832109,2896038713,2489430594
dimwishlist:item=3612338554&perks=839105230,2420895100,1523832109,1771339417,2489430594
dimwishlist:item=3612338554&perks=839105230,2420895100,3523296417,1546637391,2489430594
dimwishlist:item=3612338554&perks=839105230,2420895100,3523296417,2896038713,2489430594
dimwishlist:item=3612338554&perks=839105230,2420895100,3523296417,1771339417,2489430594
dimwishlist:item=3612338554&perks=4090651448,106909392,1523832109,1546637391,2489430594
dimwishlist:item=3612338554&perks=4090651448,106909392,1523832109,2896038713,2489430594
dimwishlist:item=3612338554&perks=4090651448,106909392,1523832109,1771339417,2489430594
dimwishlist:item=3612338554&perks=4090651448,106909392,3523296417,1546637391,2489430594
dimwishlist:item=3612338554&perks=4090651448,106909392,3523296417,2896038713,2489430594
dimwishlist:item=3612338554&perks=4090651448,106909392,3523296417,1771339417,2489430594
dimwishlist:item=3612338554&perks=4090651448,2420895100,1523832109,1546637391,2489430594
dimwishlist:item=3612338554&perks=4090651448,2420895100,1523832109,2896038713,2489430594
dimwishlist:item=3612338554&perks=4090651448,2420895100,1523832109,1771339417,2489430594
dimwishlist:item=3612338554&perks=4090651448,2420895100,3523296417,1546637391,2489430594
dimwishlist:item=3612338554&perks=4090651448,2420895100,3523296417,2896038713,2489430594
dimwishlist:item=3612338554&perks=4090651448,2420895100,3523296417,1771339417,2489430594
dimwishlist:item=3612338554&perks=1840239774,106909392,1523832109,1546637391,2489430594
dimwishlist:item=3612338554&perks=1840239774,106909392,1523832109,2896038713,2489430594
dimwishlist:item=3612338554&perks=1840239774,106909392,1523832109,1771339417,2489430594
dimwishlist:item=3612338554&perks=1840239774,106909392,3523296417,1546637391,2489430594
dimwishlist:item=3612338554&perks=1840239774,106909392,3523296417,2896038713,2489430594
dimwishlist:item=3612338554&perks=1840239774,106909392,3523296417,1771339417,2489430594
dimwishlist:item=3612338554&perks=1840239774,2420895100,1523832109,1546637391,2489430594
dimwishlist:item=3612338554&perks=1840239774,2420895100,1523832109,2896038713,2489430594
dimwishlist:item=3612338554&perks=1840239774,2420895100,1523832109,1771339417,2489430594
dimwishlist:item=3612338554&perks=1840239774,2420895100,3523296417,1546637391,2489430594
dimwishlist:item=3612338554&perks=1840239774,2420895100,3523296417,2896038713,2489430594
dimwishlist:item=3612338554&perks=1840239774,2420895100,3523296417,1771339417,2489430594

